79881694135
79049105594
79519072867
79503748952
79189258310
79184012207
79102428406
79173391176
79192550360
79533259624
79120219338
79114288743
79047898729
79184925520
79873907412
79521035215
79179283268
79872903728
79532661689
79120127612
79044263585
79182676367
79807235204
79530273449
79124426704
79040923089
79515699554
79026721781
79897762530
79113944892
79536670835
79109609982
79081340664
79184304945
79042388692
79879116350
79892620747
79524364150
79109723942
79889492292
79082807510
79114460408
79188582282
79083077260
79185450961
79534229990
79520338308
79539699454
79171039907
79508202801
79156145587
79129462605
79106130158
79010006506
79172905776
79182089419
79871227301
79102100290
79105589011
79533288778
79109224037
79196706180
79124445905
79155188321
79534261911
79505657527
79047150617
79081673418
79518212481
79518543943
79509100307
79530120119
79508152241
79506234697
79158171562
79510798733
79536140861
79177194410
79109366249
79043140358
79041000688
79508211485
79532631422
79506149299
79513404524
79532344340
79004859685
79508912920
79173165044
79115213076
79042553905
79040493837
79885719051
79884978340
79185033520
79186005232
79043931790
79183178869
79085426424
79176390421
79180289691
79183400997
79508936822
79003528192
79180627527
79187401005
79155244067
79186128107
79155844388
79517141527
79001393948
79509491583
79178850332
79199881563
79518262846
79876784293
79534319071
79042480267
79179895581
79109094113
79179595733
79109135495
79040158785
79513423516
79524805300
79127533244
79529636129
79022093047
79537092962
79180217012
79876423910
79181032800
79196559124
79501544680
79528799769
79802431140
79897678882
79159932513
79176983402
79116387808
79026664122
79873802387
79042189149
79044238620
79199060844
79872844103
79171382531
79005498706
79113012845
79102832760
79121928805
79509273057
79192592974
79534130645
79157193531
79878056545
79883875626
79084901328
79511029740
79586638775
79115751039
79537107752
79196368937
79102396851
79157407000
79127475413
79103057500
79043439402
79515415617
79179346696
79522945859
79124408789
79009044247
79047600746
79114584504
79042048325
79182091337
79891416778
79190317721
79517380120
79534218749
79121152638
79109370661
79045391750
79081737806
79027344958
79954080446
79524533882
79156654633
79102277453
79086813060
79103016887
79522922212
79185605555
79081762531
79189760020
79897236551
79108052810
79536284732
79123644648
79102306511
79170322992
79185832086
79014829255
79506602413
79526056385
79876317721
79042145920
79101032088
79393475583
79539420436
79186107250
79103534735
79534353336
79879669577
79517651602
79045385849
79040890801
79189611966
79954094539
79113259657
79960072746
79871217637
79191837043
79539506153
79876300272
79087808954
79105539466
79043991932
79517446981
79040033644
79510886029
79081280588
79103271118
79538187074
79515655485
79181735625
79524383989
79040183500
79129648358
79534389086
79156187898
79188200363
79186556480
79507798090
79537267442
79185025074
79515434878
79510622577
79040620627
79023192199
79009254690
79172769764
79507739642
79178930599
79518701322
79198231237
79113034933
79393934013
79081535428
79501531101
79867146841
79515429720
79196736813
79525643440
79109672297
79814313969
79118979299
79539495977
79517011231
79180977768
79184125488
79535022880
79506910842
79176974809
79521088840
79880860006
79021971733
79525962845
79194313069
79814238815
79531301558
79114040074
79531978128
79115534283
79522580128
79085125263
79114754429
79535520325
79102917443
79502580604
79883236392
79518939668
79009342131
79192666716
79173996452
79515305704
79027459910
79157392122
79806412707
79157392082
79196213050
79046835946
79123332225
79156935001
79172552021
79897037428
79828378038
79087179914
79040382594
79172512145
79185409579
79509046046
79042736338
79506779591
79518266838
79184428402
79192245323
79515417617
79185445950
79532999347
79507003399
79103643331
79525538072
79106139665
79047977551
79171349569
79156746098
79512055708
79532998871
79155694184
79186519464
79183348408
79879063396
79159770817
79539478784
79512097636
79536616065
79871609122
79021365000
79183085817
79180013807
79043663104
79873561362
79181803170
79101885975
79178292989
79109709935
79871237161
79043429697
79172933112
79199841732
79173918060
79883182737
79171430161
79508767701
79896838458
79867444718
79179092017
79877022979
79517542140
79116803073
79173290626
79183562786
79027041301
79172795125
79897629729
79534266111
79183200268
79872630108
79157140171
79172979717
79805618187
79887650054
79124669791
79025883133
79524923625
79127245809
79876694830
79508601111
79511421529
79048331540
79885784476
79124690647
79183749087
79520193715
79536789777
79186726624
79508693404
79872618316
79881878809
79114025734
79109748880
79194338332
79114601986
79536114843
79129587482
79885470101
79046920773
79156260257
79393882857
79884611830
79530747715
79501582540
79157281175
79511961339
79814524801
79180219414
79520232143
79042853226
79535153233
79106949172
79191325301
79127613867
79529577442
79183488650
79025042984
79118995643
79885742529
79531864545
79018654528
79197533989
79517684036
79179601359
79022322670
79509068509
79081387980
79045299991
79172096925
79877313449
79172181942
79109497453
79513096249
79508197448
79522908109
79173037717
79524876419
79182104908
79539492807
79803491271
79081926818
79172283999
79885795337
79531991590
79523082285
79003722441
79888995333
79192494411
79172299281
79187671454
79520218111
79107799333
79518564638
79897592999
79539644104
79530221233
79171384348
79009955932
79108325274
79513291129
79084917952
79178647229
79517196775
79867112796
79105936945
79869453847
79109383561
79180628058
79510570739
79176448078
79042930909
79102120894
79521215558
79503143288
79041030746
79045039417
79155009211
79525502608
79108928439
79124417066
79185069436
79171736273
79883207884
79021386015
79805216956
79194331793
79107613695
79508406952
79108730615
79021912923
79196495300
79110415922
79081472112
79967301676
79872202483
79532754543
79109145378
79042087297
79178265702
79198308855
79180526580
79172498681
79891643640
79192679853
79186280752
79085155313
79176594522
79172143428
79179825206
79537468761
79189011818
79102492163
79780307990
79172127352
79021940134
79171042700
79509215673
79081813692
79511500677
79109459397
79529969874
79875361542
79198297855
79046831038
79198149955
79515478960
79509152947
79172999716
79003321444
79508050140
79157865574
79103445746
79511060139
79002264175
79026829048
79021485064
79872858214
79127184919
79044056382
79536788668
79040065882
79534905704
79178512288
79157957479
79178934675
79103970797
79081849914
79814574000
79501634865
79024291747
79536774820
79894544727
79525625971
79524072542
79197466487
79515618705
79109565010
79156687499
79003567575
79107534645
79185790052
79103600122
79524903948
79802534324
79106381552
79872247267
79523077716
79511435475
79023114712
79806310599
79874215564
79023032977
79124602447
79115210916
79172965353
79106973467
79515580940
79026518671
79190160036
79081322455
79183830312
79536474244
79103505015
79805582171
79867136535
79539006830
79524403314
79116862440
79159962708
79115997038
79196948025
79192178613
79179179559
79525462975
79047787151
79003318445
79803652371
79507572165
79530159214
79192505777
79100926777
79103206061
79113177471
79005808233
79172164722
79536330498
79102022383
79101723411
79539464376
79021895009
79806525715
79158744578
79176609385
79889882075
79114005936
79185863447
79178444959
79172629066
79181512592
79042124584
79539706350
79159407698
79021226473
79012868899
79876771435
79507147946
79046607075
79507641333
79190267875
79047896840
79176673055
79027235871
79198724531
79173945788
79872091931
79172607469
79506949200
79183851730
79040256110
79189709661
79115121290
79502508870
79522921161
79508544877
79178742892
79807454634
79176560466
79086973243
79124640379
79081338408
79159901440
79187505936
79179157240
79158557292
79188222049
79178671631
79041968701
79197358545
79085043969
79896164258
79087176120
79021494001
79195458900
79048649375
79518552684
79027041384
79518314483
79118786927
79106636093
79044115889
79046625866
79879260523
79803204026
79181359999
79876430639
79503784499
79178593770
79045343370
79532627144
79513118184
79198244207
79508974543
79027391926
79040948766
79103123925
79085145488
79101946587
79536744049
79155139307
79027305507
79806606415
79393694378
79040310001
79042258004
79535473323
79021279503
79883972886
79524478991
79022134041
79888366289
79515198783
79535477570
79807030524
79534426676
79878354086
79521055203
79519143527
79528233872
79535024509
79531246656
79876674319
79116115545
79535290007
79884908575
79171138634
79042366492
79184180616
79199182370
79172300919
79501551191
79874149878
79525403434
79040161810
79102854999
79502396533
79176301119
79172559587
79898337487
79177113191
79108232886
79506902707
79179881817
79502437971
79115400124
79116749206
79114079673
79535274710
79533281002
79186198959
79159986641
79046904965
79121463108
79527731040
79005449280
79103694685
79539479112
79115545840
79823933493
79814072712
79872318007
79045914938
79897547670
79884749689
79190738669
79191319667
79883126795
79889717432
79156851688
79520385016
79883559449
79171148000
79156916092
79525701168
79123373989
79529975502
79101261554
79539014412
79179736376
79085062527
79531299602
79113023634
79523022552
79878341296
79182986555
79113841981
79871624837
79182285220
79127528939
79177005222
79155268323
79048312153
79082993361
79101174340
79507534898
79525475297
79172373031
79872704056
79889783837
79081510828
79192834834
79044116049
79196779720
79513279840
79190163841
79896204647
79022100899
79533030221
79185329598
79116396341
79179099788
79114763746
79020475404
79120268881
79042481217
79023860643
79184655352
79085630177
79515500551
79192165281
79173270293
79114064498
79103624199
79103098887
79156018118
79176774246
79507180781
79114665277
79539565016
79951913035
79189167188
79118009358
79192840567
79178335383
79828136878
79537128814
79869257932
79042127217
79185107979
79885220441
79536114875
79539678116
79520322490
79183927490
79103576078
79531860690
79513526582
79182760926
79105527563
79814279908
79108158701
79536725326
79186939524
79528449106
79874229745
79514908872
79109436308
79515074146
79158014020
79184608567
79538186815
79524334268
79527662012
79531911322
79805436905
79113419809
79103817900
79043624500
79115874327
79172628000
79532447175
79538997084
79194250173
79885300925
79047584668
79042929037
79539568330
79114337203
79512117151
79121107970
79529541556
79195425237
79040963123
79109107282
79158267072
79515451592
79107007977
79537379584
79082327307
79188671382
79045023255
79047931575
79021233432
79159520501
79113937294
79114323844
79190826021
79508116680
79170925558
79533083720
79184323248
79109455549
79524647893
79103384700
79532976968
79005361426
79885432691
79537267071
79084767260
79517602451
79009466478
79178868303
79884036310
79178563890
79084707427
79107308794
79042000789
79159664505
79127002921
79511902121
79043499226
79185884132
79513192399
79108610058
79510980897
79875165884
79158494838
79129520850
79179044816
79829956827
79116945540
79022892713
79178342992
79196950023
79101473549
79190082145
79186329508
79023105873
79105340338
