79648655563
79267395230
79031708732
79265991092
79652840855
79096689587
79204735822
79645999198
79204080009
79267045945
79278506544
79642565704
79208920386
79648333700
79683783006
79999915636
79996013215
79065980033
79213018104
79250800080
79200955565
79378847325
79686491615
79648841820
79656821551
79276942094
79051197872
79616575607
79998295088
79283621906
79022928542
79275769441
79377271660
79208680131
79278201958
79301705871
79266949525
79204142077
79600431752
79600484951
79226891506
79272498804
79057773134
79051919194
79276326372
79066041566
79271415035
79031148927
79031376091
79998053709
79996931896
79605705905
79271856410
79065624727
79265254302
79603097342
79212861256
79997989151
79688609294
79065598829
79217720671
79254788568
79800990085
79036284609
79208884411
79295801062
79689028169
79052611339
79030311133
79271147427
79271801270
79200192063
79307275739
79262606069
79377951616
79272095093
79216174024
79651742454
79031860432
79637101753
79657883308
79256540001
79377751683
79372525520
79618526500
79272042001
79034175432
79207401171
79647957163
79052277270
79963094925
79283578427
79212327898
79265862052
79602049027
79065293433
79200644296
79373814155
79204618300
79636515678
79257906384
79261313941
79289066999
79642559010
79638851121
79255185868
79217480838
79050311344
79265334882
79263537519
79997559275
79652015308
79269898038
79654225715
79064115140
79997698163
79099168545
79265214329
79264727814
79647604671
79275245994
79031888504
79099011323
79051379147
79286930722
79219920513
79202130421
79063222314
79372868855
79281037129
79250260253
79251922953
79280124261
79215992064
79056911512
79277364228
79212968209
79645519741
79270392204
79263428070
79261843235
79031493759
79296414352
79261815179
79608667999
79625978434
79251729657
79208001000
79611395761
79265684657
79629264438
79672294353
79063274843
79099837682
79055078188
79282204984
79211557966
79261339274
79093592541
79205483624
79030036358
79202874282
79653407705
79272043596
79601677260
79056254141
79637720470
79272603757
79620158231
79600426207
79301016770
79217902830
79053484186
79601151709
79969549061
79998094205
79053174206
79056768459
79613480237
79257171448
79674701257
79264956254
79218339725
79267187266
79096517222
79600883870
79275772137
79033192413
79060453808
79207086828
79645949632
79093781982
79610699937
79618509821
79266828880
79252623044
79281654727
79299308707
79654343376
79606644753
79613821900
79270601659
79272693444
79611253308
79650477537
79397324504
79272245250
79229163097
79269924736
79636245758
79282283281
79033439474
79684476455
79031920711
79653572838
79064286737
79218969324
79290491322
79280357768
79205697508
79268468720
79636321669
79217506714
79618285176
79672998900
79276507770
79063971957
79219534453
79261882122
79270175541
79963486893
79372069676
79379737800
79689440744
79295769704
79217862584
79618568106
79036198432
79201158366
79277657016
79295895609
79646460201
79052022931
79605644118
79299253899
79688565122
79052727920
79205873506
79216503341
79204516215
79052212740
79381673027
79998242966
79672595307
79614184717
79608624886
79628587887
79202933571
79991724606
79272644455
79217172711
79262245555
79092577171
79275415440
79379142184
79283490846
79281201161
79093434835
79650733466
79037966214
79268549497
79997259110
79371799722
79657393974
79067670612
79263037984
79259043424
79653013350
79652220584
79056022261
79961335277
79202628982
79613748317
79054566281
79297277233
79271335631
79656335470
79031319317
79272768131
79202878216
79603005567
79037528116
79258467306
79255373190
79267003939
79263655935
79092090083
79600600650
79267921651
79648455004
79375566261
79202928297
79272784327
79601925252
79209003722
79217616440
79267157939
79647857490
79094258033
79261262407
79262626946
79211845728
79671972877
79307598951
79211097086
79670286703
79207811899
79215063963
79963411772
79034452344
79676607886
79264781719
79998649320
79269151517
79307047198
79265946690
79211436034
79211309726
79263077164
79265411188
79210088202
79636350302
79997551588
79653854787
79037560528
79612773402
79267074437
79051825014
79266820639
79209571352
79213485216
79260587490
79647182186
79214473986
79032321517
79275227248
79056638713
79211318120
79067575028
79263283548
79251987271
79291311009
79201776981
79031384912
79645514746
79276254554
79602456582
79650404010
79278575609
79067102758
79274273506
79032180316
79296371210
79612589001
79269952253
79287768212
79206264037
79205476350
79283508543
79261271637
79052678090
79374110908
79032417114
79263066340
79061810232
79623432555
79289050549
79966936781
79606113036
79623269521
79206566963
79204929151
79213923032
79031827322
79605625602
79371027291
79290477264
79207065356
79037547707
79374207245
79209322639
79063104098
79296662599
79272436136
79052304409
79637681353
79032172755
79213290505
79671144400
79604549137
79200270994
79670703664
79273868799
79263691407
79670653854
79032771966
79031715712
79057685217
79646872473
79217743413
79215057540
79272111054
79308113398
79202181004
79218728592
79266016815
79219630122
79295662246
79218992292
79213337683
79277840049
79299751811
79213577910
79277266744
79052647697
79397067900
79600533392
79687617656
79683323480
79291153108
79290863539
79682722212
79204283461
79210200262
79208118881
79055215655
79219870078
79064235609
79645609419
79213260315
79055358563
79212638490
79615860148
79278070508
79270742665
79610792012
79272468227
79206622818
79209742333
79629044050
79269889696
79217444484
79258914901
79213605510
79269368416
79261647442
79629000708
79206161595
79261119266
79266233012
79060560346
79253292904
79299290913
79051846699
79602305009
79277915532
79062642202
79276541603
79295820624
79067948383
79272063413
79033145491
79097137549
79653743320
79054791958
79200642585
79263469642
79263234517
79600281044
79255665569
79263568646
79636514659
79215121127
79313384819
79215774506
79213447981
79036688720
79034309446
79274704145
79050600106
79275847999
79054794917
79376673468
79998001411
79204403139
79251782275
79067343385
79092949699
79053406276
79213251787
79646371706
79378817101
79036925642
79064058111
79202123046
79095934962
79267619091
79092654987
79277783398
79210271813
79255694828
79200156109
79211761705
79060498060
79378871299
79291611251
79217859901
79262561860
79625567955
79095805877
79099236296
79099840739
79683366333
79277591992
79055046650
79653615920
79606716033
79295756390
79955071240
79613470133
79202599252
79036933878
79283754161
79207568909
79203419637
79217722504
79297125661
79271544485
79262218040
79067941500
79271752611
79060827651
79295584525
79951169717
79099999388
79261370719
79055487684
79274700307
79308122310
79657009644
79992015354
79605300468
79308580032
79035400526
79033746121
79992003587
79206970975
79251105956
79375288137
79263662821
79652382330
79253836106
79229333249
79263094872
79211388819
79298461214
79276162364
79297951747
79650058967
79264207665
79052311425
79205399881
79261270191
79603000472
79060992941
79296491722
79300711542
79055866442
79095564696
79219312900
79266245356
79374054594
79206701576
79289675772
79276067239
79266431169
79205056771
79274066640
79276060730
79275711424
79033883456
79640213474
79056922517
79634806880
79600695970
79282557983
79374146543
79035249265
79607480868
79313148050
79656288886
79054332695
79214507780
79035704321
79276709525
79652787579
79661055849
79628923300
79094660564
79279084641
79274071438
79055202465
79308323087
79658822195
79257196773
79375805482
79663688692
79639939060
79645338322
79274693517
79053866378
79312440886
79372882878
79033407074
79214512569
79096251423
79225030000
79031771590
79275562289
79284169281
79298487784
79671755655
79209290404
79265481024
79066301161
79033320611
79099807862
79068175866
79608179506
79370328001
79602305252
79267563994
79616944872
79201817518
79214197199
79275256736
79600419338
79313434547
79204552745
79038311441
79064622444
79267020660
79035113053
79032860401
79272262732
79278973379
79631095132
79254464869
79033175398
79377083804
79997193447
79379397635
79261787501
79275014433
79585890810
79093666613
79215517025
79617993333
79274064122
79653007095
79270251688
79214129576
79213453180
79379953631
79312332589
79273692187
79053323491
79286272609
79202092208
79037867374
79092445375
79603156087
79217517228
79219506648
79061379548
79032264982
79031279098
79281072966
79257860357
79278948410
79297717177
79052650516
79264013101
79600108550
79627643005
79202704304
79601152720
79037760198
79647826368
79276610036
79207301902
79038850220
79670508955
79266494022
79628849538
79205588086
79067313871
79657654112
79035827229
79218587934
79296038588
79312018858
79207101039
79214287885
79035150753
79611028128
79371300900
79262108514
79652370035
79067041933