79619335333
79063757572
79028903558
79324128106
79053089446
79222530446
79024413410
79030815373
79049897718
79198655776
79826863606
79194978118
79193384672
79501870434
79226260973
79507445302
79049701180
79829072533
79129273018
79526481104
79824860848
79068062887
79326134012
79080445000
79514435917
79120869833
79223530917
79501856095
79068309188
79058619227
79634498988
79320567929
79273394147
79874823063
79501949192
79876296458
79125975966
79505558943
79374948444
79681139297
79514617619
79371554491
79523315890
79826294626
79617789844
79649603499
79222545502
79043833508
79227151515
79089083882
79634718971
79228228882
79096152135
79174706718
79634366636
79195854743
79519279650
79619158622
79058453473
79826431615
79501965556
79196199386
79194415220
79220950010
79526843413
79191522318
79043099751
79821441399
79824075722
79222558344
79026939332
79630386681
79514765236
79174212661
79196005527
79222860927
79871447721
79120821839
79514767205
79674577495
79373529609
79617578912
79122886214
79126992342
79617976055
79526577205
79199567059
79224365520
79122048041
79199309186
79000284883
79126202054
79603836421
79222221427
79502067695
79177533502
79876040493
79124823879
79226129075
79507216441
79878475205
79223199539
79053081519
79678573590
79292809813
79512441749
79878420316
79030902078
79371581321
79997417512
79122462330
79823697526
79068508125
79129053092
79177984779
79506440100
79003839841
79829231345
79878889478
79373281993
79177468793
79196023871
79220910534
79174150637
79272332948
79058007918
79829755389
79871096269
79226020629
79058969669
79228811315
79878588433
79128120530
79221229889
79521325938
79506413460
79122838920
79177831703
79177755115
79122274052
79224783916
79226107285
79195990995
79126278304
79224653064
79822910249
79058073589
79124884828
79089256630
79667623145
79085757361
79086364074
79122895278
79507433671
79193977473
79292429115
79024711103
79120516496
79227545155
79089276099
79525229655
79226558862
79028145728
79122810006
79603885538
79129945717
79195931196
79501933383
79273141502
79173658436
79823454984
79619476671
79173726400
79024449024
79194879981
79129809275
79373042672
79872515557
79869624696
79876172991
79270867822
79024910686
79222213643
79195670006
79058231414
79634998633
79533850518
79617493369
79920299182
79228654721
79822707732
79504896076
79028308797
79825308518
79177412960
79514667765
79292600700
79177947115
79049760478
79194648376
79028621674
79638845188
79080540697
79273389494
79225465206
79096015683
79068251117
79122661199
79126126001
79044504250
79373572787
79273444309
79002000032
79824180872
79084978700
79050004761
79120625722
79619196169
79822778135
79869664648
79089061056
79525068633
79122190915
79043863567
79505132188
79521325674
79222254780
79058617654
79194644161
79374861779
79525177550
79123431115
79507371952
79174658869
79506516884
79193894944
79194807069
79001986878
79826049874
79514668528
79122999968
79043003540
79044548175
79615701823
79173734254
79222425389
79373603320
79000938071
79224476249
79125830468
79504568006
79501955809
79871355194
79228679579
79875882506
79505111040
79122811292
79027905301
79126208852
79514604630
79320103636
79224710054
79089186544
79506546519
79536062228
79527354527
79514488918
79223418744
79507469588
79222236194
79223434312
79501917672
79228388524
79517822385
79028088400
79226457487
79174667040
79048046578
79613580885
79225495204
79174909886
79514704621
79222210222
79082590932
79191452430
79273493881
79174504794
79120490111
79124261035
79122668878
79122185664
79089011816
79174383636
79619445021
79995846461
79226529252
79043019285
79273436018
79068737507
79224241648
79097273652
79128440950
79517824734
79174246148
79028732902
79222654401
79320560784
79222008454
79220613212
79273156007
79825264745
79536092290
79227727792
79173607450
79223076446
79221987040
79228529231
79827590888
79026349820
79126078035
79221559295
79126111018
79126039889
79091719318
79273370670
79874861879
79507233702
79026344201
79199350914
79514864827
79227464752
79608024009
79619477956
79823082739
79634682316
79089228993
79674515837
79961784195
79091132972
79048021084
79228293779
79995640804
79829135190
79530559215
79655381588
79126500464
79129248572
79028075389
79085836470
79097374001
79194432040
79173491703
79829642584
79228285048
79124908605
79538389989
79963275296
79124749334
79519486870
79174772432
79511103515
79124804275
79519220212
79044923050
79678646374
79128958589
79129978351
79123837070
79519416098
79279627103
79123202777
79872500544
79324307091
79122425647
79523452218
79829209141
79177330703
79991341765
79120815868
79221496733
79825514896
79089247095
79649555565
79279597417
79273440034
79501993822
79867032953
79193508555
79328451588
79871461879
79514650709
79125709562
79122455542
79328477767
79028135586
79504493558
79292737749
79222811162
79506538314
79825584116
79504607086
79026432413
79124902098
79122866069
79224233321
79043866774
79378302929
79995846535
79022630559
79085864636
79273479687
79129120900
79825368302
79518066055
79536050753
79123125102
79501810003
79826239559
79082558033
79517714833
79221950915
79173796506
79174732967
79507327412
79225567461
79223338805
79041772217
79122442188
79226286459
79226328094
79026263355
79174044488
79126966433
79195331234
79517709338
79323355543
79222322867
79198570656
79223535537
79085814715
79829700222
79501924771
79228796275
79177549889
79091138745
79823665242
79088731115
79048486914
79630477808
79063725673
79089174973
79091755465
79518117655
79527064789
79129801964
79082735666
79027937271
79630014771
79504411951
79125800269
79924084016
79128412019
79228537105
79519408758
79221581685
79221230191
79504737303
79193864079
79373292656
79270890505
79173476716
79326170414
79028724202
79824848528
79045487445
79655111262
79193873966
79519751312
79525222882
79122556223
79507429983
79123178921
79825146901
79228298208
79045446490
79089262787
79123521927
79043035940
79829232813
79630603505
79041747840
79091049488
79829627315
79068256746
79174960431
79279260772
79825625052
79221052716
79825829254
79125319875
79124279095
79174394692
79279418722
79625225602
79082732715
79030892716
79823307187
79048047888
79028540618
79087007111
79068518639
79226025544
79124804447
79519774411
79220223216
79125240953
79195698991
79527274172
79501994557
79193441322
79224440711
79619019472
79170490714
79049751742
79519664020
79058354402
79045499888
79220028188
79024765063
79530396090
79876070420
79195515777
79124809719
79324002025
79823234759
79003818676
79080481283
79226596232
79829035874
79506405482
79124992004
79225477416
79525252670
79378390819
79223539083
79222135885
79519733817
79088662956
79124316096
79228515800
79068756242
79228947479
79225592600
79173867999
79824445456
79174752205
79129248560
79224824651
79374812703
79125278666
79292577937
79174160886
79373675504
79174783088
79048150001
79501973891
79825308719
79517741370
79174774125
79501937543
79086395731
79964049412
79512463127
79223485636
79324165708
79097246224
79120489908
79125165080
79195993900
79870425888
79068262930
79827350643
79638816535
79129856127
79222148170
79194776062
79874872353
79123551984
79222587192
79224122254
79519516177
79613611569
79198458087
79173789038
79228055003
79876169253
79920273365
79226179219
79091093450
79613636226
79826290870
79630956812
79030844018
79634914375
79608002303
79125851139
79084941630
79325391311
79226230223
79632706018
79197025016
79226329545
79228468022
79068255769
79821072803
79506357678
79174855439
79373505869
79227257847
79194433155
79090841000
79224141844
79519367084
79228883969
79225594015
79222541086
79122138067
79222583235
79177898788
79273194428
79228462805
79527277826
79875989588
79090945479
79033966046
79608071780
79199599361
79089146521
79033524978
79033608288
79123451704
79276360364
79527433980
79080685300
79221127728
79000985497
79126972777
79194931756
79043083862
79126730229
79617597179
79638745595
79122545490
79523357755
79122205688
79373463016
79080635970
79527294073
79128094721
79195874828
79027978653
79870204926
79000254150
79199356911
79872032755
79086370139
79049726204
79196127624
79120811475
79097220450
79129771611
79048713107
79221476160
79124746507
79502062725
79961787267
79123832352
79630377329
79174331001
79127812124
79517732052
79126041706
79995595933
79876079266
79082602798
79876238593
79655047251
79995858379
79822207459
79506326745
79228747726
79870414842
79193019756
79082548946
79128925087
79521341562
79048843042
79220045175
79049880065
79043853266
79506361300
79174101008
79177471202
79222571506
79825289913
79127825484
79024466644
79126327725
79228440880
79174782571
79125108061
79174444178
79619227065
79126880688
79502069900
79872524479
79124990100
79655521648
79122810181
79082630430
