79656693165
79504945417
79825132253
79226160035
79324239595
79969250964
79221290007
79220045072
79024765903
79826190186
79120861920
79630103746
79514621500
79088802977
79655769220
79128959257
79097484087
79068606259
79638670719
79090083108
79126711671
79220388999
79227044789
79193533577
79123292425
79527266130
79328565510
79177887882
79194805390
79507285061
79003889489
79878484021
79518143535
79089104780
79536065696
79173823735
79126448373
79126840110
79878440855
79028288208
79028197065
79222892703
79124760288
79526422557
79507377521
79373572516
79028320440
79870487576
79878458537
79619191817
79228403958
79048840366
79226259859
79089160285
79228742801
79090271656
79122460644
79061000705
79222381555
79061076946
79091010101
79227487122
79920069776
79126988852
79681175539
79638834504
79502027977
79228345868
79068849063
79502081509
79328405969
79525199399
79123880765
79871362667
79068944281
79058142927
79124398637
79125914418
79197027382
79824594963
79123083012
79872413409
79177896903
79272380780
79024726292
79507244868
79191291597
79174143572
79122230207
79878490028
79991056208
79876051464
79827295965
79630440107
79224000306
79090825915
79177549845
79068495025
79194575773
79122562746
79194562228
79655643716
79527286814
79222574445
79220556289
79514625005
79053517472
79920043949
79501953563
79097294300
79194003879
79222483126
79514564292
79120853229
79876046545
79089100445
79194726017
79177336848
79226444386
79821806831
79082417624
79044963502
79507432996
79086316596
79193732588
79128821839
79507238521
79995695300
79224713654
79082465410
79053599445
79058266300
79222581111
79514464126
79173791226
79220307883
79128143202
79193955059
79221238474
79870579059
79122457405
79058607906
79091801717
79090099676
79058981169
79126080980
79173511192
79068769888
79824041010
79089271132
79825555626
79827068616
79872467420
79199441499
79126053055
79044939944
79080782442
79826513883
79090036773
79501921051
79325567204
79505550701
79068156164
79127798590
79124968874
79123595850
79193172555
79193749270
79225459410
79220925846
79505288780
79876025601
79026943291
79519455803
79824601527
79194018195
79024797595
79874943240
79962311744
79058438942
79058516636
79129871541
79221108253
79276395753
79373273727
79028196767
79024726223
79084939113
79324277771
79829020904
79220501460
79222111692
79028370990
79195388134
79923554209
79273345700
79527320466
79822557793
79194789297
79082602867
79536095244
79028072099
79049837677
79519929646
79507252675
79502055899
79226120553
79174109991
79871363525
79082497020
79221176914
79821301030
79826416117
79292640479
79126241113
79091126355
79220530313
79197149999
79223161383
79049422720
79193557782
79827073715
79504720594
79177689470
79191433535
79222032991
79221142753
79128115508
79222530256
79222525873
79221416247
79022712382
79823130692
79028077906
79223120811
79129215358
79221128014
79123893830
79088545616
79619144136
79511206551
79126219056
79122860240
79824803622
79068110261
79123479446
79625270702
79058905574
79122411974
79048423687
79378349896
79829013703
79028024167
79326062277
79659429174
79224172775
79324750090
79044530603
79199396002
79222624790
79872496775
79129288714
79126509754
79292827989
79199345836
79991257247
79273374548
79123899217
79058482097
79222613597
79634403909
79085862223
79228813931
79220550633
79228850498
79279475543
79228090271
79961080843
79634426572
79193911301
79871088097
79993701776
79221569090
79829140091
79068548595
79128145516
79173483390
79530540234
79822765185
79122497093
79030820929
79127906147
79082710936
79526745701
79091719005
79085805075
79373316117
79177646452
79043888469
79630085067
79292636077
79617968810
79273013400
79505321942
79826296675
79995655584
79049745393
79090432227
79177922511
79126490607
79825811769
79043832406
79630921538
79177906224
79049778704
79194839864
79995860735
79676392223
79823070111
79228616566
79525207967
79122100099
79823374784
79222058697
79827898210
79177521046
79518189649
79049879546
79096106942
79082703612
79222348820
79822620842
79122353171
79829013614
79228695143
79991256223
79123804526
79625230004
79128378097
79173470197
79223218338
79514607029
79195813329
79639087458
79177742013
79126645732
79221551155
79521486626
79122229494
79517730269
79003858856
79872466590
79525095975
79878785333
79048171790
79224330442
79191501783
79129969049
79525258185
79222653609
79193132299
79093496150
79197121544
79923096644
79221135181
79174109188
79048761189
79173570898
79514751289
79044674082
79082550085
79228712165
79875844356
79519832686
79226007200
79120446297
79090806727
79506482215
79501908401
79222518390
79373664846
79872508001
79273255436
79124159899
79224622264
79174089205
79193284064
79273107585
79043803926
79024726356
79525206468
79080916270
79061008687
79527201906
79876236522
79195722633
79630451001
79320137687
79676398243
79507333833
79199591850
79090117542
79177503095
79024743119
79634390177
79220499530
79878703626
79221166144
79878810265
79617845222
79292408323
79227766280
79878747473
79222617107
79227101699
79506333889
79226541829
79129780145
79655648745
79088943049
79224003976
79195968034
79028171574
79028120501
79194012516
79878992968
79374809656
79822118927
79129146380
79126960444
79961080626
79022666543
79876166078
79049407711
79097070407
79222569737
79080706200
79922112498
79196060765
79222101509
79126922659
79824570588
79221552195
79877749099
79089289983
79505000177
79068843550
79871094008
79174036622
79027995511
79048889484
79517779066
79026318512
79273324175
79033607503
79821937448
79536088819
79924066165
79096080555
79224545452
79228536478
79090854935
79028795184
79126211081
79824962926
79824921999
79128410207
79510373270
79174342414
79174811344
79225450069
79124339991
79222045206
79048445577
79123071190
79177978056
79025831702
79221555348
79373556503
79174214516
79044899422
79279401616
79222250796
79022764254
79525232225
79128925503
79824416777
79224420559
79371624303
79033956747
79525293091
79226275399
79825414414
79223349414
79878458666
79507246777
79174213838
79000709600
79068263781
79222156649
79128079597
79221675502
79129374439
79174308703
79221074067
79224373454
79519929850
79821882614
79610516591
79128434274
79227080538
79502048242
79227100034
79525171871
79088763745
79225427940
79655199796
79173866412
79226770149
79226981314
79224731893
79507357529
79324049390
79530054618
79221000724
79091802207
79533846726
79655314554
79195661913
79323090983
79221373368
79220900155
79826504642
79000283994
79374878955
79224735364
79272384538
79000809981
79128109694
79506568191
79923587455
79639078747
79876167132
79045445401
79126450353
79220157456
79195316136
79619398087
79321215626
79634362925
79174324979
79222195648
79507401072
79292363068
79826062111
79221612186
79120647601
79220645363
79191508688
79022734059
79028152065
79826654660
79194676399
79228211224
79080073098
79058011398
79826546835
79822038335
79058493751
79127828188
79630418157
79273057119
79875926334
79177584459
79225496906
79174180052
79128347800
79870913874
79068895272
79086307973
79823419084
79615759182
79279514891
79126973890
79129357796
79655304050
79878648495
79526828705
79924037249
79049887472
79511136856
79221123428
79197005218
79045412881
79527358626
79082476937
79991329242
79504428966
79028047439
79617752683
79028504657
79511267209
79228202030
79922350918
79193290086
79223195994
79122901255
79507394829
79874742012
79228235703
79222052620
79534519073
79995691619
79221764190
79505251247
79120500880
79024498709
79174706364
79536037817
79195368136
79003887104
79043007138
79326182796
79082785658
79124192327
79126455088
79227194477
79174120315
79122239080
79875860070
79043827760
79871316024
79521325350
79224104205
79225556581
79222024428
79920189004
79193029273
79220122899
79220138590
79876076052
79530410666
79649640485
79222647006
79829311673
79228836582
79193454869
79195772003
79222938323
79504442013
79506490384
79174330672
79995620031
79080453297
79000213152
79090012897
79085788016
79195859055
79826358534
79878427791
79615739135
79068303031
79826922075
79824099926
79129219925
79058531981
79085773798
79525008579
79128985378
79177534856
79196023250
79024436468
79526461465
79273461684
79193744866
79504745572
79518143251
79091485626
79026298222
79829281909
79080602123
79993653111
79122672127
79630761256
79120310484
79823291131
79507297706
79022602878
79824388041
79128133934
79228990779
79088871107
79174364896
79193720320
79505125426
79193870865
79122432270
79123113331
79080413176
79224370670
79028154093
79656653364
79197020968
79061000007
79667070950
79526443949
79000779911
79823324414
79617637986
79127791013
79089164901
79517739997
79507314721
79272337326
79127756562
79026390139
79608055226
79279525789
79080925623
79279229201
