79006458158
79006479127
79006540215
79006829144
79013323795
79013651748
79013816353
79015009977
79015101001
79015186440
79015555107
79015783012
79017172328
79017743077
79017967710
79017995611
79024724487
79026335547
79030000937
79030003829
79030003941
79030011199
79030015671
79030036742
79030037664
79030044411
79030063822
79030065094
79030088236
79030088833
79030089986
79030094603
79030111868
79030119222
79030128759
79030157415
79030164193
79030166182
79030169845
79030189634
79030193414
79030195563
79030198825
79030199006
79030967310
79031004469
79031005831
79031016771
79031037804
79031038025
79031040306
79031047041
79031053245
79031053486
79031070088
79031071151
79031072323
79031075097
79031087592
79031087643
79031092060
79031100575
79031104216
79031106508
79031106545
79031108955
79031110750
79031112726
79031114348
79031114381
79031116219
79031116390
79031119049
79031134832
79031141681
79031144451
79031145786
79031146156
79031149651
79031149791
79031152016
79031155026
79031179641
79031179800
79031185575
79031204981
79031207787
79031221924
79031224530
79031229975
79031250471
79031260221
79031262229
79031268362
79031272492
79031286868
79031287083
79031288189
79031310119
79031312243
79031315008
79031315492
79031316699
79031318493
79031326625
79031328979
79031337278
79031346419
79031354670
79031355511
79031357425
79031367119
79031368406
79031373354
79031378344
79031384859
79031392231
79031403666
79031405636
79031410425
79031410716
79031420791
79031421733
79031424874
79031429010
79031430444
79031431014
79031435040
79031440609
79031449401
79031461045
79031461565
79031464698
79031466770
79031468043
79031470670
79031478984
79031484294
79031487320
79031491884
79031496051
79031497009
79031508969
79031511144
79031517110
79031518380
79031521527
79031524218
79031536056
79031536270
79031542303
79031543431
79031545439
79031552651
79031561262
79031578037
79031583765
79031595929
79031612628
79031630904
79031636241
79031646065
79031667179
79031673075
79031684595
79031686878
79031688040
79031688043
79031692634
79031695601
79031697253
79031699451
79031700618
79031703239
79031709481
79031712379
79031714946
79031722073
79031726996
79031730461
79031733011
79031739255
79031745478
79031745551
79031747215
79031749209
79031750971
79031752832
79031757323
79031759575
79031761947
79031768125
79031783100
79031783568
79031787031
79031788710
79031794403
79031817370
79031822347
79031827799
79031829170
79031837217
79031851148
79031856034
79031866247
79031880300
79031891779
79031894897
79031900332
79031914086
79031935765
79031935915
79031949224
79031971670
79031974948
79031982469
79031987754
79031990987
79031994631
79031999409
79032022884
79032036775
79032042246
79032046548
79032072148
79032074736
79032076290
79032082722
79032082812
79032090164
79032095864
79032121150
79032136738
79032139394
79032146716
79032166865
79032179803
79032180967
79032185635
79032188412
79032212333
79032220246
79032224845
79032231814
79032238943
79032239394
79032242548
79032243812
79032249311
79032252404
79032256261
79032258275
79032268914
79032278910
79032290626
79032303303
79032308809
79032310006
79032315172
79032316629
79032328236
79032331588
79032336511
79032337230
79032337273
79032350554
79032394977
79032400761
79032404944
79032407006
79032410380
79032415065
79032427603
79032439797
79032448483
79032453331
79032457025
79032460821
79032463380
79032466288
79032469348
79032475789
79032493971
79032503020
79032524416
79032525443
79032526225
79032540439
79032543827
79032578613
79032598752
79032606644
79032606926
79032608479
79032613250
79032629765
79032630809
79032656718
79032669837
79032670560
79032681045
79032708417
79032722653
79032725306
79032729646
79032729792
79032749691
79032750457
79032753654
79032755683
79032758504
79032768443
79032775142
79032778113
79032778275
79032788172
79032796341
79032798392
79032800281
79032801644
79032807754
79032809764
79032813396
79032814910
79032859191
79032864172
79032865348
79032872994
79032883405
79032883940
79032932279
79032933710
79032950830
79032951836
79032954066
79032963701
79032969815
79032975096
79032976895
79035018433
79035019005
79035026046
79035036084
79035056311
79035075390
79035077850
79035100193
79035101090
79035111558
79035113889
79035119419
79035122373
79035142096
79035146545
79035147845
79035150756
79035154580
79035162012
79035163210
79035163333
79035166078
79035175086
79035181416
79035184232
79035208257
79035210783
79035217091
79035219089
79035221020
79035222842
79035244202
79035249999
79035250463
79035253016
79035255967
79035268677
79035272018
79035274371
79035274391
79035279695
79035289512
79035289573
79035307964
79035310130
79035328307
79035331556
79035340082
79035355288
79035371675
79035377867
79035378513
79035385127
79035391854
79035393194
79035398985
79035401504
79035403054
79035427150
79035450328
79035453014
79035458604
79035458691
79035465590
79035469557
79035469784
79035480468
79035481414
79035488775
79035502701
79035503006
79035519341
79035522383
79035524924
79035525008
79035525150
79035534664
79035535095
79035541932
79035543000
79035546304
79035547462
79035555770
79035562584
79035568893
79035572121
79035573728
79035579078
79035579210
79035589307
79035602042
79035608160
79035614602
79035620718
79035633763
79035638405
79035642661
79035643002
79035661472
79035664228
79035675056
79035681085
79035690702
79035694154
79035696034
79035720995
79035723080
79035724525
79035725862
79035726808
79035732949
79035733707
79035743602
79035751021
79035752511
79035752844
79035757917
79035773227
79035782101
79035787786
79035804727
79035807325
79035808086
79035826402
79035829114
79035831956
79035835117
79035852598
79035854161
79035863100
79035864953
79035878276
79035879710
79035881541
79035889751
79035902416
79035924010
79035945242
79035956553
79035962519
79035963940
79035973670
79035986715
79035991957
79035992876
79035993803
79035993804
79035997434
79035999435
79036108728
79036112368
79036118837
79036121522
79036123294
79036127091
79036130739
79036132688
79036143197
79036146282
79036155433
79036173179
79036184901
79036186667
79036187373
79036212789
79036220087
79036230027
79036248399
79036252247
79036252303
79036263706
79036277036
79036285292
79036285485
79036299180
79036602835
79036603387
79036609760
79036612860
79036627801
79036630813
79036645045
79036665881
79036671128
79036699315
79036706495
79036713660
79036722830
79036726618
79036731008
79036732064
79036735676
79036750224
79036752343
79036756757
79036758702
79036772097
79036792600
79036812621
79036814886
79036816608
79036819933
79036826904
79036833933
79036834159
79036841101
79036842200
79036854486
79036854920
79036858204
79036867231
79036867679
79036871497
79036881524
79036885150
79037000686
79037072533
79037072668
79037072918
79037084946
79037094664
79037102344
79037104125
79037116810
79037117777
79037119175
79037119699
79037122894
79037124337
79037126785
79037133825
79037140628
79037142727
79037146910
79037153144
79037160760
79037161863
79037164619
79037164796
79037165507
79037166073
79037182701
79037203466
79037216106
79037219541
79037219666
79037223305
79037243547
79037256429
79037265243
79037276322
79037279629
79037283096
79037294939
79037295991
79037297330
79037298031
79037307494
79037307576
79037307837
79037308816
79037323165
79037333102
79037345456
79037354801
79037360130
79037360147
79037361978
79037362919
79037409501
79037410905
79037416745
79037428912
79037429878
79037430966
79037439025
79037468925
79037479210
79037479370
79037480175
79037482009
79037484239
79037489999
79037492294
79037497880
79037506978
79037507024
79037509204
79037510779
79037522090
79037540072
79037543086
79037565081
79037576164
79037579050
79037583100
79037593545
79037600253
79037607585
79037624010
79037629622
79037634385
79037640912
79037641525
79037646499
79037647076
79037650262
79037664007
79037693612
79037707042
79037712218
79037712412
79037730926
79037731974
79037733786
79037734886
79037748972
79037753601
79037771771
79037773284
79037773475
79037776986
79037778978
79037779148
79037784241
79037790856
79037799503
79037802248
79037808419
79037809982
79037814119
79037818000
79037828322
79037829812
79037831991
79037839855
79037840384
79037845130
79037852765
79037886042
79037908094
79037912562
79037930340
79037931745
79037936767
79037955454
79037960635
79037977660
79037985864
79037989546
79039323874
79039603332
79039608381
79039615833
79039616647
79039622242
79039622844
79039625144
79039626696
79039649985
79039650124
79039657315
79039661272
79039668818
79039669316
79039674188
79039678884
79039680112
79039682451
79039682646
79039683766
79039690805
79039693252
79039700905
79039717370
79039731033
79039732063
79039745450
79039752289
79039756421
79039775519
