79299249486
79242856850
79035403767
79624507026
79643034317
79092135900
79295542430
79037561545
79222040009
79095177253
79069614746
79093126298
79065982492
79030596749
79608080755
79527249294
79265628849
79051623629
79613473184
79253037172
79058111090
79053373324
79044750726
79265523052
79216344722
79872409347
79139560559
79226451797
79922222902
79605841000
79214135457
79126380768
79061807570
79633348823
79095794615
79053317481
79064568581
79093220839
79612727255
79293029300
79035292523
79038169341
79996796128
79026248226
79213121628
79050323081
79096812727
79621794706
79625713242
79371588170
79132237239
79823176255
79616396322
79253208116
79688860246
79222558652
79255972377
79607096969
79219506877
79038767910
79509735059
79033240420
79093316112
79133834358
79063157471
79215809609
79063885140
79964012776
79841147523
79617873292
79514618874
79525170339
79262543889
79639981563
79063090183
79097217582
79232418032
79661407806
79050417578
79829889565
79628776316
79051928377
79602986133
79082734480
79099404405
79030720033
79611551430
79221521621
79096769460
79324761994
79134386691
79619051011
79096466844
79137737143
79612701604
79031858575
79214016399
79242135406
79174148263
79036504580
79995319296
79135324175
79616321716
79145518856
79645159860
79218917566
79038480495
79053318673
79964022794
79049741064
79611262383
79028205021
79624996699
79035751172
79261352888
79038168979
79510151757
79635459300
79266410874
79093110791
79371523463
79093049050
79064384613
79603280278
79650942428
79627687163
79267107605
79626992499
79514204943
79003954013
79038983356
79652141632
79130279253
79057249126
79033823760
79036713274
79061519484
79215989766
79126212248
79262539478
79098752926
79677526685
79034590966
79217809832
79652434429
79191247010
79031450275
79034212196
79039489804
79043088666
79063490404
79069643295
79036338162
79086603546
79616318606
79039653691
79062857735
79228844061
79218872701
79264838303
79606854828
79044778666
79608722309
79689470505
79611844445
79686535355
79262826602
79632471505
79051182288
79218983022
79608418040
79135208786
79217687250
79655930033
79296197907
79262691480
79503024975
79608946861
79600722450
79129817162
79126822248
79030626458
79250316444
79122241452
79053728061
79637739777
79608060980
79611564265
79039091542
79036751981
79225380024
79258997434
79055718471
79623210030
79268406988
79922056581
79133043895
79616357000
79261294884
79829703122
79038954353
79217925882
79041337874
79033312193
79656991552
79213452460
79951003912
79050629905
79636028558
79089536868
79030126256
79032953935
79608222905
79261878831
79269458562
79504760980
79236095476
79295853623
79219707355
79235172930
79037651015
79055467888
79681817401
79081199921
79096446362
79267567056
79219373824
79661408757
79262090105
79267395848
79236078882
79124252396
79657149717
79058250760
79041654159
79255966177
79226073543
79139315402
79216410703
79054618947
79600170323
79251626488
79263363326
79144444218
79064621385
79258661802
79056242189
79144448783
79022712579
79034050031
79143143422
79656161088
79633715984
79601564010
79603108948
79689646622
79643958004
79048003371
79063003110
79621654037
79224001486
79264970337
79507464788
79295400266
79095662302
79920182984
79265781361
79829870084
79608949766
79267165754
79649977358
79084449411
79213883166
79035646053
79600326795
79061216092
79234619313
79036430173
79089533791
79122810203
79265583564
79063527565
79263174992
79055662098
79064388772
79243922810
79024808141
79651345404
79262844563
79257325517
79374704165
79603557626
79145576105
79663199466
79629775322
79094232673
79054244242
79036968481
79035433125
79056481818
79066849822
79265650888
79225723642
79050985985
79050345426
79099120407
79130761243
79217814597
79600362767
79266036343
79259177661
79135333884
79625897116
79093127510
79213448765
79032409752
79268355877
79632745997
79035920431
79323019994
79215650653
79255300089
79660461287
79324818648
79264849364
79237057725
79500652222
79215730238
79036316631
79252779374
79511761207
79215640250
79223648106
79082218611
79095775207
79098960286
79833520086
79134630869
79263585302
79670819275
79038134555
79093890640
79060381258
79514410136
79094256343
79616770347
79065002032
79627059446
79037572229
79374963984
79032808866
79932273654
79066947097
79832367990
79624950508
79626254649
79050090735
79685348364
79055602588
79213961455
79233412038
79220686803
79099030774
79600411091
79256208628
79218615154
79052751829
79034470565
79231281151
79050170916
79242322439
79622930507
79269124799
79051153264
79652528679
79057822104
79027980510
79030429655
79692825771
79999303489
79094488992
79061846336
79267273397
79131574751
79057976687
79031843634
79221438800
79123829906
79213035867
79648677292
79867007401
79080448889
79612542682
79605416881
79264337288
79600401074
79132385363
79219190824
79273254768
79626268999
79144259301
79219656610
79052600848
79093068459
79147729984
79600247665
79032052262
79036070492
79295403220
79263191243
79089480029
79058126504
79266944479
79821986155
79324026878
79600734018
79213987197
79261710944
79095016554
79035232329
79692874889
79253336790
79501458483
79131897348
79825416652
79038411289
79141182867
79600661587
79232733129
79066091795
79677744719
79642362366
79248797222
79682676928
79636635444
79033787115
79091433956
79656841581
79261716497
79225300022
79053377316
79249203271
79261759752
79032175076
79646853699
79093405352
79647819232
79606237017
79871375468
79061283625
79054153908
79048727832
79027664678
79037615213
79269619105
79056073059
79059333563
79056763800
79141699609
79601479547
79624285530
79125835001
79057232123
79600678669
79679126397
79511730518
79500565455
79670512618
79262045916
79250854515
79265312624
79030407283
79626473641
79056839015
79061787502
79653728971
79055946940
79093684406
79224401240
79135312492
79296630364
79214323342
79091400577
79036595670
79222661665
79220578170
79264543149
79064351875
79681808695
79051982958
79030112754
79507976797
79680095943
79528871070
79097572923
79265277471
79033210016
79243631917
79248755962
79656022377
79054301082
79530644680
79600328298
79089923028
79214306000
79057751906
79222515368
79825875814
79630646347
79056591316
79062625599
79651490155
79673604015
79039111502
79600673586
79215713272
79174406361
79670236970
79634316906
79264097579
79061185495
79099531917
79609669020
79051205343
79217642218
79055582493
79614016131
79054089346
79261734542
79687972597
79265262935
79219370973
79654777209
79218830766
79241907385
79213277757
79263594823
79064669553
79063189698
79874985716
79247721095
79265311569
79603183508
79683216437
79624294884
79237670940
79199333907
79614663296
79033282405
79995492804
79096693063
79626729918
79064210755
79032981586
79062139000
79600334304
79039355255
79505380042
79686264681
79601242567
79994233727
79525222121
79526554617
79149552027
79051137339
79067575462
79034210535
79063227611
79601794362
79612477706
79092540385
79066593610
79031182521
79053991965
79038206391
79604682017
79842644400
79030330354
79637893838
79258318474
79899520112
79135553467
79992041979
79091015129
79600089301
79092151507
79260819412
79122219296
79630356892
79063910849
79043801094
79607459536
79034713955
79652399047
79059539271
79501133442
79660243310
79213969698
79295744105
79260270667
79053112388
79224112908
79094115974
79324159314
79658446764
79256199185
79296555065
79670887775
79265221048
79258436972
79088719028
79032245891
79147039540
79024722375
79653087992
79033595585
79219942085
79601941663
79194992972
79061486888
79091344035
79144288016
79055986062
79261816932
79051515103
79080571706
79273393221
79630635820
79148919209
79032209960
79067160762
79034711666
79146088261
79146765508
79624415699
79606946551
79832569000
79600751198
79621547844
79681807825
79965578959
79637693337
79631033537
79056260446
79038355991
79033785874
79217465109
79043839708
79262574913
79053392733
79662924811
79626202048
79605526281
79036405852
79147318170
79053720022
79266356684
79611486868
79262778209
79232251308
79622120006
79600494005
79050565014
79061263501
79033447670
79682673333
79089067552
79048861785
79064041002
79222533570
79637285885
79068426351
79062526403
79262702929
79656131690
79043269513
79093277509
79038599241
79643014008
79139020938
79644206545
79252047458
79241760124
79052843240
79603517870
79127725230
79610342751
79511156460
79142598532
79097772000
79601010502
79035712053
79048724245
79063331475
79263651900
79684943788
79129234009
79825410666
79036613678
79051696401
79612742299
79218803431
79126550063
79132114672
79600345960
79261060299
79035846723
79037208182
79645222359
79130013898
79054145401
79291017403
79616704944
79065173036
79147988287
79085947450
79622464883
79031679556
79035635408
79218569826
