79137169878
79137325274
79137673353
79137772262
79137775773
79138936753
79139025358
79139089605
79139193939
79139330177
79139367607
79139367848
79139454545
79139468080
79139816820
79144036695
79150000662
79150005370
79150025922
79150032433
79150062155
79150067102
79150121233
79150126113
79150129926
79150173474
79150178580
79150186536
79150187024
79150218416
79150222030
79150226530
79150256682
79150259651
79150315833
79150324295
79150326224
79150326568
79150345397
79150388127
79150389340
79150407124
79150437949
79150439320
79150444057
79150444457
79150483409
79150515007
79150548001
79150560724
79150575204
79150577995
79150604100
79150613186
79150648572
79150650675
79150679705
79150693925
79150710917
79150713199
79150717547
79150760018
79150760537
79150804217
79150814224
79150820552
79150822223
79150832501
79150846281
79150885777
79150908980
79150914007
79150919205
79150928960
79150938144
79150949474
79150960985
79150970064
79150970295
79151054546
79151058420
79151060930
79151095752
79151096044
79151097665
79151100060
79151100475
79151102304
79151111535
79151124792
79151139481
79151143239
79151165062
79151172225
79151181527
79151185915
79151192220
79151194676
79151224564
79151230758
79151236324
79151246219
79151249694
79151252221
79151265669
79151276222
79151305872
79151306105
79151311495
79151358091
79151358539
79151362545
79151372673
79151373560
79151381255
79151387286
79151391058
79151398747
79151423790
79151432330
79151440074
79151448094
79151454654
79151455870
79151470473
79151487192
79151520171
79151520489
79151529770
79151570897
79151611611
79151632120
79151644191
79151645673
79151652001
79151655681
79151670707
79151687769
79151688332
79151710715
79151714762
79151715606
79151775859
79151843264
79151866246
79151866483
79151874984
79151884459
79151901268
79151911988
79151916000
79151947326
79151955500
79151955507
79151969388
79151992540
79152002570
79152017987
79152019669
79152028866
79152030344
79152063969
79152072576
79152095206
79152127581
79152128970
79152175943
79152183517
79152204220
79152209634
79152231823
79152235661
79152248624
79152306312
79152313251
79152317144
79152324952
79152325971
79152335188
79152370409
79152380561
79152477970
79152500159
79152511211
79152543868
79152544655
79152554337
79152580123
79152580186
79152607996
79152608828
79152620338
79152638843
79152657056
79152661441
79152667960
79152673509
79152692137
79152693233
79152696907
79152699184
79152703972
79152707455
79152711137
79152730211
79152749303
79152761440
79152764405
79152781102
79152786507
79152786942
79152829405
79152870011
79152870184
79152886881
79152920813
79152938373
79152940275
79152944411
79152989694
79152995480
79153024151
79153029617
79153071543
79153083731
79153089650
79153102334
79153103050
79153117049
79153125651
79153156078
79153172251
79153184410
79153187687
79153193812
79153198548
79153222816
79153227004
79153243314
79153260052
79153285777
79153289207
79153294151
79153309495
79153318588
79153323086
79153324008
79153347811
79153360727
79153368519
79153371085
79153375744
79153379170
79153394874
79153399280
79153402757
79153419486
79153440447
79153447497
79153455255
79153489177
79153523952
79153545838
79153563496
79153576018
79153590847
79153609543
79153620343
79153626421
79153670731
79153676771
79153728250
79153737880
79153769806
79153773320
79153778846
79153794079
79153795305
79153805609
79153851459
79153857020
79153863159
79153878999
79153912249
79153949278
79153963726
79153976525
79153976645
79153995559
79154020402
79154021571
79154028326
79154028942
79154038999
79154056437
79154075107
79154109181
79154116977
79154119930
79154120200
79154138555
79154146686
79154152827
79154174344
79154226554
79154239128
79154270216
79154282315
79154289270
79154299520
79154300857
79154332127
79154373360
79154386226
79154525080
79154528520
79154534540
79154538836
79154550712
79154555511
79154555518
79154555657
79154555728
79154558060
79154562289
79154575873
79154580213
79154599003
79154605825
79154606238
79154622224
79154643373
79154713905
79154753469
79154755041
79154779810
79154794496
79154794734
79154798908
79154819527
79154858203
79154890256
79154914449
79154925069
79154944995
79154947552
79154967916
79154980616
79154981840
79154984399
79154986057
79154995457
79160026555
79160070534
79160105212
79160107361
79160119900
79160157134
79160161611
79160165725
79160173058
79160182471
79160199400
79160210921
79160237101
79160246361
79160399914
79160404198
79160410325
79160424570
79160426362
79160511775
79160512030
79160515112
79160519565
79160522208
79160543749
79160565151
79160581550
79160583200
79160586275
79160593363
79160601332
79160602277
79160618426
79160651333
79160653015
79160683111
79160691822
79160701127
79160704400
79160713332
79160713364
79160716270
79160727574
79160740272
79160742545
79160770904
79160774961
79160785586
79160787767
79160828082
79160839101
79160874065
79160875351
79160875580
79160877015
79160877148
79160877544
79160884179
79160930072
79160960937
79160990993
79161022867
79161029568
79161031213
79161053505
79161055777
79161059606
79161071197
79161077188
79161088343
79161106794
79161113085
79161136313
79161138896
79161143224
79161144963
79161158120
79161163414
79161167888
79161174031
79161175964
79161180058
79161182129
79161182205
79161185044
79161194127
79161194142
79161195479
79161200518
79161209996
79161211792
79161212203
79161212685
79161213707
79161218366
79161218501
79161221594
79161222002
79161223907
79161230027
79161236778
79161237544
79161244570
79161251236
79161255390
79161268430
79161268836
79161268865
79161277468
79161282062
79161293090
79161295941
79161307092
79161312928
79161319853
79161323372
79161353643
79161365436
79161365821
79161375012
79161381601
79161384740
79161401450
79161403844
79161409151
79161411238
79161415667
79161416407
79161416901
79161417920
79161424473
79161431244
79161436566
79161439885
79161443665
79161445461
79161452123
79161460599
79161472386
79161484255
79161489943
79161491558
79161496216
79161499507
79161502506
79161505583
79161506213
79161506339
79161512626
79161521700
79161526156
79161527428
79161529412
79161531582
79161540102
79161546099
79161559872
79161564233
79161573359
79161585564
79161594410
79161598589
79161599601
79161608278
79161617967
79161637983
79161654466
79161659736
79161664498
79161679832
79161680099
79161682773
79161685935
79161700211
79161701221
79161701238
79161721023
79161723325
79161728324
79161745561
79161746957
79161750331
79161757828
79161758936
79161763718
79161764154
79161777596
79161778321
79161791038
79161791771
79161794821
79161798595
79161803583
79161809740
79161821095
79161827030
79161827926
79161828269
79161837783
79161839493
79161850835
79161851609
79161854487
79161864398
79161870250
79161870771
79161873610
79161876803
79161882000
79161888492
79161893965
79161905765
79161907903
79161915821
79161929428
79161929553
79161931954
79161935738
79161941656
79161962900
79161967484
79161979770
79161981501
79162004086
79162013591
79162031578
79162038054
79162053190
79162122547
79162124055
79162146797
79162175967
79162194692
79162209704
79162227439
79162243161
79162266060
79162279589
79162280900
79162286744
79162297395
79162306207
79162306796
79162314390
79162316739
79162320997
79162328558
79162331375
79162371916
79162389097
79162389468
79162400518
79162407108
79162412528
79162414174
79162414500
79162417985
79162442886
79162448285
79162467884
79162499498
79162506077
79162527030
79162530039
79162535922
79162547867
79162556774
79162567760
79162578137
79162579748
79162581656
79162584611
79162621118
79162631812
79162633170
79162638041
79162639533
79162639868
79162642165
79162657577
79162670544
79162689463
79162705626
79162706734
79162716306
79162719832
79162733149
79162758474
79162761761
79162771115
79162777220
79162799130
79162803198
79162828932
79162830459
79162851235
79162865930
79162868100
79162869660
79162887018
79162898242
79162905384
79162906315
79162915528
79162933986
79162946657
79162948565
79162959280
79162973576
79162973800
79162986911
79162990291
79163005080
79163008182
79163024087
79163025199
79163033085
79163053264
79163061139
79163111179
79163111377
79163114452
79163118477
79163132802
79163133230
79163133671
79163135280
79163138972
79163140691
79163144261
79163151716
79163157990
79163160206
79163180262
79163181774
79163183774
79163185488
79163186790
79163193320
79163203115
79163211990
79163217509
79163218934
79163222487
79163235606
79163236068
79163239849
79163240200
79163247377
79163250123
79163270983
79163285013
79163296835
79163302347
79163308997
79163313174
79163313193
79163335505
79163354597
79163356475
79163359487
79163368907
79163373116
79163397749
79163398886
79163402479
79163404480
79163409542
