79250169569
79161742422
79265737015
79266693359
79264330430
79080760352
79156896289
79154627019
79047519661
79163226348
79772621615
79068718277
79651400040
79045483825
79032802401
79778307993
79269432391
79166408890
79255070472
79176620926
79091504183
79048453189
79099529262
79172053529
79176289055
79263423062
79090900358
79523515401
79101840522
79777325093
79031450359
79062627072
79055459784
79035156200
79042885690
79022736277
79262140274
79266958695
79856950884
79176763546
79052748486
79067517016
79084986588
79250743478
79263745233
79858116068
79161401450
79099874120
79154578209
79030910988
79164501438
79044439948
79129439148
79312129422
79213426772
79111578278
79115051644
79090015005
79030000167
79185654545
79522601800
79777072924
79119594933
79080415947
79267243900
79033607910
79103697612
79163859630
79213708071
79120138224
79086385551
79268912526
79262837783
79268399534
79020048080
79150386616
79162007446
79046629314
79058636519
79254864377
79652943681
79006458158
79854132376
79030938179
79044820396
79035536637
79028367027
79269806764
79167794342
79055230973
79067683821
79774688548
79265211518
79262665380
79180294995
79261353286
79219249237
79168257769
79058195223
79031883550
79166816011
79268862588
79163418259
79250750510
79122545888
79265608855
79850070374
79049779254
79104755896
79253047832
79110979131
79251108873
79312883123
79163620047
79091699218
79045011495
79213679533
79184281838
79031533366
79626850414
79265624941
79184370083
79219305412
79163236068
79261000888
79263371060
79085728999
79161437960
79030910888
79261956998
79218660826
79112504681
79164437224
79219353999
79219310376
79108770449
79772668185
79052644910
79122975019
79178411855
79117189848
79163703837
79217728561
79046494509
79217913021
79044446165
79119855516
79516705287
79258275448
79255266496
79080682353
79047653350
79651444591
79169175809
79085741238
79636877712
79266235003
79052806603
79082616363
79214044072
79168734032
79117021915
79153285777
79296817937
79045459070
79168169298
79176757668
79113505372
79129587450
79500060060
79028090366
79266355198
79219512698
79102683697
79500174195
79119200720
79261038476
79219547339
79043145407
79853815078
79110328492
79117778774
79265649919
79268150964
79114736991
79856160992
79043919836
79166802019
79037082202
79999606609
79178468186
79262859696
79213406320
79080640118
79629482190
79114844829
79168171045
79967900735
79117173783
79155425247
79855136655
79103658072
79111230060
79516804491
79035398985
79169165894
79088708078
79032997890
79115595592
79213165156
79028759884
79068629689
79263801195
79261991283
79165060502
79164577453
79262114938
79153714588
79104575779
79684536727
79779027903
79042629278
79163550416
79052311333
79166558701
79032651804
79160962861
79250482793
79172772379
79500410843
79044900487
79046753566
79261643544
79602567656
79015009483
79104848604
79057597225
79183128913
79857225820
79052059541
79261720779
79999958043
79172872019
79183332060
79042215175
79197775847
79312749670
79032594479
79175343788
79214418284
79257597949
79266290345
79776229724
79180477774
79057172299
79057717788
79262161530
79255071991
79187482531
79171520990
79175092037
79213695797
79045371931
79182615778
79111355489
79030967310
79161010545
79024339707
79213596111
79022744506
79047958823
79255047250
79080855953
79500053670
79165665597
79263303913
79163609093
79500099455
79213435139
79026024796
79265973795
79169885428
79215843079
79265626324
79178263660
79114896714
79646417352
79112937671
79107922901
79100199517
79165789064
79104027440
79080860639
79180060667
79266023038
79104733381
79118212197
79153402757
79261221724
79999066003
79122632035
79169056936
79251769349
79036848325
79030051381
79128535492
79261917209
79686399088
79629729091
79031578037
79097361104
79057007269
79998709853
79299727685
79262815447
79262121894
79219737404
79042454469
79168518489
79163080470
79150908364
79268189300
79169299955
79262103843
79031430444
79080554519
79048162711
79112191077
79263767382
79217427103
79026162502
79151391058
79160229222
79043153973
79028051398
79250504998
79167765742
79039794629
79265566704
79266994545
79067084042
79028014451
79113887152
79779319372
79262786106
79153830708
79099398614
79267807181
79167169538
79117538131
79153626421
79013651748
79049886233
79057494517
79037818000
79045404074
79778505857
79114739054
79182342021
79028368525
79500103689
79042417977
79269077082
79068528139
79161460599
79162426393
79262773038
79162874664
79264260165
79267840457
79850113646
79856850265
79046028642
79268461784
79104520600
79500282259
79058452792
79252061578
79179596669
79263694334
79087308023
79629633901
79095805669
79168606890
79165163823
79188285848
79183663388
79108955071
79120217200
79261428283
79167558377
79045596320
79261536091
79219540189
79215738439
79082414334
79068013930
79217745426
79030050988
79213018568
79214076088
79257084307
79035385127
79085785810
79516606972
79602577695
79219511417
79217722520
79852897989
79044912373
79119262692
79165603963
79089074685
79159684809
79652807240
79115615991
79060763881
79162953274
79042369477
79119221157
79154994667
79263280622
79179731121
79027920290
79500447263
79030788758
79214489684
79161387784
79250110002
79177142460
79097441111
79169937716
79850571620
79672642580
79176629247
79775633930
79156151705
79028793163
79042109921
79099938702
79262905200
79268551465
79026906782
79646382069
79043424972
79044711703
79114517362
79026453196
79152053736
79112194342
79855634942
79500182551
79602611087
79153034640
79522455086
79023615499
79028637157
79178659506
79213954849
79045329575
79652677947
79081418001
79045441295
79263881035
79172548248
79026372087
79055750233
79115903372
79035675056
79068450254
79107556188
79161791951
79651209891
79166774235
79219728870
79119020691
79032061392
79176706887
79081990298
79263964603
79181319182
79165554001
79169646138
79265570637
79184713560
79161763882
79215601036
79219658473
79068433897
79183270796
79166559861
79177108690
79182039014
79045060165
79672969614
79055413994
79500140945
79122600830
79080545441
79776067578
79151128672
79125029072
79082565330
79531759283
79037149374
79185066187
79261800089
79156738530
79085863066
79153347811
79116857388
79081310092
79022628952
79068200008
79037836843
79047155600
79150575204
79030119222
79033660309
79028334182
79030193414
79068475108
79188242801
79169166663
79119817332
79050015908
79522438089
79035891832
79024785767
79671581967
79121122333
79097394144
79052796317
79113186835
79185700126
79653077940
79099702353
79055327873
79031144812
79216571817
79119065756
79218808444
79042766667
79043145327
79028091252
79017995611
79516488822
79313107085
79055168020
79049735968
79058236550
79067396833
79188280278
79033956800
79091045262
79123605749
79028713730
79261372207
79216494575
79049287878
79213048980
79261032191
79081383924
79039693252
79111829460
79265846975
79165571761
79049778484
79033661081
79168302726
79150178580
79165114149
79183424579
79090894804
79859650915
79168761271
79777211048
79080860222
79687123152
79260717185
79500053333
79162578137
79602616144
79856998580
79215666665
79218810416
79602787011
79046142343
79215759399
79210927744
79042468640
79046727527
79516579998
79062402946
79035143978
79045079572
79213756199
79044932420
79167371555
79028715230
79267962996
79045544627
79176250547
79116928731
79171880287
79647863944
79106976888
79213152119
79774250027
79267091364
79181691542
79163706104
79037688650
79114988940
79163671303
79213155315
79114894882
79672642165
79045365100
79046630337
79257954528
79109820797
79266045145
79199995446
79856911076
79112532181
79047779122
79043494544
79213044248
79183242867
79119361386
79035210783
79115530253
79184949329
79250980988
79030079033
79295500096
79039683766
79046946993
79166409902
79104788890
79053542120
79153112936
79773297718
79175151277
79055180908
79057038125
79182430855
79188804818
79629202540
79117727430
79037362027
79266697779
79111990467
79267688385
79262968442
79104250886
79651554899
79255618100
79213417193
79165604296
79127294488
79646244666
79150874867
79217797617
79165420068
79180567774
79172368517
79043468101
79312285168
79213694277
79651404636
79261861631
79049789039
79022685040
79032984499
79044835287
79028174054
79032561434
79046144653
79110074929
79152730721
79035056311
79045463201
79164416149
79185106249
79042771562
79219728810
79057825858
79855781988
79150928960
79122790047
79516839948
79215551889
79152886881
79500460391
79068549490
79626977420
79500488595
79153379170
79049000286
79213422739
79176576677
79217745544
79637231820
79218946033
79856411031
79120385885
79167465562
79031740643
79215881473
79091140272
79111885757
79161855510
79152191115
79122736310
79112239488
79157377996
79037977168
79161531582
