79193040961
79628992067
79268871899
79143258865
79629072298
79219533497
79222556925
79231252124
79095322356
79135325364
79069834596
79036195588
79251297184
79064008955
79081028782
79030571116
79095700189
79620088997
79604377692
79674489363
79063071959
79054080808
79258090132
79267686680
79199396952
79685964171
79236540843
79087933048
79058726698
79296574791
79061174151
79092828661
79261402201
79267001325
79262471013
79264669192
79036125605
79261374315
79632048661
79038962586
79130116226
79603120343
79066226796
79064795444
79057966297
79608781354
79264693414
79097670303
79041437364
79098704079
79509652194
79507254699
79629567998
79242008740
79829883136
79025429413
79093620990
79036932777
79269692263
79526713248
79223964165
79093084279
79060387951
79533859842
79616626395
79647110613
79218642228
79140906711
79193106811
79624070289
79215506785
79031516047
79616496067
79616858417
79267333344
79654085021
79616930986
79269545352
79213519022
79215757772
79222950006
79231926919
79600770960
79062594833
79061187981
79052578807
79039639812
79216362880
79242210664
79600062131
79233778906
79089110602
79262553573
79232222511
79538247228
79096420363
79227893293
79033770490
79057334696
79315386889
79039718929
79064603486
79227606244
79060946302
79139499006
79511818080
79038258562
79036913821
79265988474
79038214620
79650063656
79136355777
79255672092
79099344443
79614928754
79232312324
79827718492
79922031388
79255069498
79247813337
79627044451
79621585552
79241682238
79260546319
79056009075
79601940212
79266833505
79257639399
79098250060
79036883677
79054878110
79269480501
79963989042
79097815566
79058753506
79217907961
79649360088
79052514284
79126828354
79068534273
79062025875
79144685236
79268870711
79036736865
79634004624
79054998197
79053228224
79603100011
79219108237
79061303541
79262055647
79261780361
79148701770
79940100008
79233600264
79067208944
79058553730
79216475523
79261457119
79631409931
79199548717
79031270772
79217671747
79030668259
79053230712
79093851519
79198630502
79990010223
79296288384
79097210697
79149637670
79034382420
79218893655
79093720823
79635517555
79234794389
79053071637
79263522940
79608951853
79646502407
79036417551
79231619234
79093855557
79033420614
79099995438
79258889953
79603417297
79086375438
79050247180
79607277343
79096607056
79296049473
79148754444
79131244832
79066906144
79650577707
79611227997
79142871015
79500663036
79998080788
79051314534
79062270116
79066277475
79049725625
79312051786
79516166796
79034769373
79057906641
79066425133
79050262739
79213951234
79177608888
79608406508
79092537766
79624707091
79833627738
79062264905
79833868726
79174134049
79036912252
79036692596
79091407308
79054877350
79263664572
79603627980
79219443357
79616581208
79213423189
79260965468
79092511917
79648782174
79024093031
79257387783
79998110393
79612420770
79098761910
79998295046
79038766085
79130907364
79006738388
79219105522
79656218084
79615081204
79655938343
79654806222
79057033822
79056808577
79051227071
79608596044
79129110868
79139149735
79667661221
79615000070
79033401496
79061437643
79265652299
79505092991
79601356126
79600964555
79057331216
79236957071
79605235267
79603508845
79601973035
79049747745
79217763514
79600391496
79637820896
79626365996
79648772934
79217535583
79259449710
79033378085
79056145766
79065320682
79091375036
79056710947
79143516928
79609400634
79264132626
79037417883
79056533050
79261880996
79095533726
79647112277
79313125605
79622128212
79257849649
79218636904
79052446077
79519703290
79122819333
79036742568
79000557309
79219426610
79218605852
79678058860
79050099587
79065904877
79261460533
79609604282
79605657822
79032077459
79033705125
79053770316
79605400319
79655999419
79065762560
79211896641
79225311010
79612185862
79035138363
79236036495
79061453120
79148800341
79028690595
79051974061
79659420595
79528980598
79250102353
79241747713
79831469327
79608951611
79502805115
79141561753
79064147889
79257354887
79091614490
79832725619
79600941612
79608897775
79080426577
79257324410
79143175595
79142725856
79031729260
79672419201
79067171480
79032100391
79629346155
79034712862
79241322219
79637245022
79658465777
79031235549
79670831233
79062027219
79600571021
79064580242
79067581628
79266369359
79610570606
79526409340
79505225501
79633528022
79261443343
79685908328
79637143027
79266849225
79145513774
79645585446
79198696307
79086548129
79251580800
79044981530
79090912974
79265789708
79145543350
79053168014
79687560057
79213004348
79639141447
79624384036
79063014902
79067328652
79649997135
79625929859
79144740906
79996761066
79923107192
79058992428
79686398720
79612963636
79279262490
79527343780
79992477468
79992003689
79033197422
79092373358
79264557476
79266954560
79273366560
79036985661
79058864621
79065785222
79053659943
79122028013
79053147833
79053699607
79224879826
79144000306
79051233604
79648714895
79615019208
79041550598
79627464606
79254784515
79992075695
79686241060
79037383714
79253086393
79265373688
79214385928
79124951051
79374822325
79656257348
79032946718
79139459950
79058171866
79217501489
79193730257
79631093747
79501145150
79050287878
79243983420
79134249010
79069340465
79051052602
79066436900
79060361836
79268880013
79137758732
79606343078
79652795278
79258201635
79198457945
79322006565
79647876891
79267796263
79025111581
79652969974
79605511092
79092802798
79237795184
79267672764
79055095908
79603561620
79270896652
79501140842
79032225236
79262851538
79673659227
79199406342
79034609244
79621282166
79228866636
79217799572
79601033131
79067768005
79136550888
79627160252
79670759367
79036446069
79632238874
79255138174
79612486538
79615209140
79234724144
79094570981
79266519693
79096634317
79992004326
79030612692
79600842301
79061472345
79258067020
79035423983
79269174551
79059944102
79269906128
79099706441
79600793594
79501291555
79122874270
79001984735
79257294988
79225551827
79050339009
79051575547
79130006535
79265641872
79677970995
79227588627
79057501603
79604883578
79096897951
79058920468
79610806551
79031843640
79066057622
79032046552
79099592373
79092789873
79219821418
79099858099
79826294645
79090553556
79097200418
79093417840
79193685761
79265834031
79088659588
79646701922
79090209534
79600246292
79265734330
79621567346
79056034129
79235214758
79099232527
79029920949
79832692600
79062345061
79621442288
79259252267
79998307273
79091438742
79613789366
79269245505
79213157463
79625675677
79135098922
79060344064
79038925505
79052200777
79038269792
79063890080
79642118171
79058743521
79062247922
79069466060
79214016473
79142592990
79097167056
79224871589
79261482361
79057787878
79139322030
79053455990
79224630137
79137471870
79052760620
79605170353
79134107480
79262771867
79617589161
79213140392
79095307808
79642263987
79050317227
79092842299
79217419137
79133770555
79213176620
79064001450
79033677258
79036338695
79066835415
79295583175
79633418614
79525081444
79680026133
79607402020
79227748555
79144567304
79629289622
79218749228
79600600647
79313085341
79265555021
79832887676
79053222151
79219088295
79680865601
79621706070
79134592228
79296014774
79218746118
79217441517
79254820393
79063321300
79225326072
79257276041
79093415890
79038002288
79030037056
79028145266
79141435425
79999772969
79228780248
79132177975
79603191281
79261665616
79213104941
79050937868
79825135413
79055381776
79030291439
79065391402
79050268956
79621592759
79215844388
79259141939
79236276719
79246163465
79505973637
79053879650
79638877321
79033050713
79057487128
79629434734
79264049895
79618458329
79038587693
79099145910
79990390906
79120817775
79067264372
79031301573
79216409184
79614955094
79634645615
79065889899
79037152997
79612793737
79032851399
79053778966
79612880259
79217471645
79093168383
79992006055
79268259369
79036576074
79263668843
79057764312
79174715365
79266663116
79604033178
79097162588
79199447602
79037571568
79651225077
79612611553
79600427051
79219289016
79616407722
79058785952
79646361333
79038108942
79615198322
79213853484
79146208232
79038321236
79264573279
79526241826
79032033195
79064187915
79268194002
79997727305
79603376868
79635430518
79035669821
79616727280
79065236261
79252620411
79261925300
79053713604
79626325925
79056258774
79260453557
79093416111
79219243857
79263638061
79611435137
79269781717
79083191996
79371501307
79829349983
79219201936
79129911555
79265451418
79061724887
79053666126
79052451745
79037480150
79263252051
79057048499
79645059466
79261736639
79035592374
79139654056
79085718105
79504986015
79235370077
79995892383
79647145243
79213155282
79052759648
79260115330
79608447980
79605531225
79625751759
79030635585
79610959581
79833363461
79030001616
79043856823
79092676190
79607163072
79033220146
