79632018608
79091692240
79842622405
79062812929
79990964759
79148955950
79129314014
79055062950
79687907350
79608953719
79067051500
79094599118
79227706446
79065674721
79093201699
79099085521
79087036713
79999896763
79195934400
79251155992
79098963716
79052846104
79056578820
79269630747
79067626657
79062682272
79138561765
79672495891
79263650282
79222553214
79631102185
79514762759
79268003273
79058743060
79616501613
79632249513
79256990761
79061755059
79036593405
79263847603
79373378019
79658581000
79616287310
79957935806
79600383077
79656856589
79050140363
79033332114
79502036359
79610774627
79215577594
79622858097
79648721955
79061655534
79603689750
79511165253
79637112967
79122870080
79600492052
79090353726
79999878125
79265978869
79268134942
79530561006
79059802642
79260897360
79603516272
79622314741
79626206439
79600309713
79060648882
79067153153
79033720658
79639648578
79601111568
79333334103
79653339792
79214287960
79527194815
79066809339
79056381217
79064784789
79141687061
79030729626
79266900572
79999694419
79651833022
79219305888
79605257213
79621650084
79656887870
79028910016
79247626903
79649988099
79214396949
79032982350
79511788888
79299539489
79627237710
79067400302
79096352015
79321116459
79832962027
79603448301
79062109506
79216435999
79631240518
79649595165
79653919290
79146275386
79273060288
79603726994
79614479054
79052134102
79098957655
79035559828
79033587922
79223504476
79684461969
79036507880
79029225878
79090638129
79656022018
79236016689
79095929392
79501027024
79059064775
79824077696
79056765773
79069372454
79313741584
79629714901
79038147049
79604999756
79279453909
79315407442
79241813625
79236160270
79600672773
79266559093
79262940108
79292606342
79263788563
79824907339
79143933853
79999469360
79034763997
79122295985
79063277700
79037522174
79056600786
79625553043
79674458301
79254828100
79031723854
79099993321
79066901539
79626645338
79256383940
79660571398
79528904965
79608059581
79059615398
79608172382
79614778217
79606225909
79613262940
79615653489
79025001135
79096248009
79062062076
79663434347
79265940868
79673232222
79537947712
79613365835
79616091519
79033090222
79050666170
79992039990
79600962484
79230186210
79126171551
79217727179
79600730308
79825350986
79632618597
79221524541
79216309355
79053166542
79502053895
79263811558
79030388903
79603282588
79093226652
79631092530
79296168509
79140598722
79833922129
79660505080
79035771445
79267586852
79651291290
79676597777
79622180575
79625918212
79033730536
79299430316
79636725725
79253211983
79624005635
79296769198
79999762785
79616927054
79658765396
79124179256
79148515651
79645309857
79646455800
79035868071
79148587687
79626895795
79509809969
79265493528
79538008858
79222609609
79093155725
79312563277
79261812169
79641504055
79035659463
79263928679
79099874447
79237296251
79148724562
79063830773
79619774879
79199421864
79608616418
79836969610
79254382216
79963287138
79604510143
79913019307
79620060862
79618183108
79215635868
79648663000
79148156428
79053791890
79219425733
79194501511
79032525142
79624126515
79052761701
79680292264
79145734560
79051145842
79213413913
79050380833
79086616277
79222099006
79213000495
79053884604
79099909719
79268118990
79658241981
79652303163
79066745854
79089061203
79266075765
79136181428
79147525224
79268554142
79082618018
79258087378
79048024720
79264913381
79267985222
79627074000
79264819305
79223317728
79063386974
79378477446
79603209041
79130152225
79031031858
79219947917
79529073227
79219334009
79246605728
79031796073
79062596979
79261357708
79639124442
79092848796
79219763634
79021760102
79094020837
79050392003
79215743447
79673178986
79264695155
79616730461
79050493849
79265481228
79213834670
79603719168
79689641694
79035953431
79261634686
79032464610
79637705654
79870324117
79032395391
79087721556
79035883420
79601265779
79995245793
79036305604
79091531466
79066422666
79672095753
79034307561
79606735154
79088544630
79034510132
79063116748
79218894342
79631232569
79039704172
79215977657
79041454859
79526797527
79033383085
79022755511
79060490043
79254325429
79296708698
79215562099
79052887923
79295941639
79056150472
79051271840
79091422354
79243113678
79258332031
79834376047
79295928370
79038623133
79221920969
79130358138
79059015797
79139224938
79090518579
79269161062
79037134443
79038740303
79228861099
79629504550
79211831603
79066290791
79247522183
79089596384
79069216081
79225338680
79606943860
79247584949
79173647417
79058750313
79033262908
79265694057
79033012060
79990389446
79219360249
79263712026
79248288638
79824126545
79260837613
79144558114
79062399084
79600105850
79600547800
79199257569
79247520015
79841294895
79250387033
79095668498
79613460198
79216559438
79147905270
79651529463
79091306366
79036798369
79628849896
79312390754
79258353045
79034366443
79647296398
79519327944
79129796332
79230346786
79622522815
79219742851
79263657426
79516157960
79606846122
79602110183
79652667990
79262665723
79174083374
79216412858
79615114133
79067555161
79605425946
79263451804
79130881483
79028520479
79652972914
79243950791
79129977603
79610077685
79652188524
79031376095
79256258150
79635442158
79621689610
79214245424
79653331493
79267165816
79228775679
79237730219
79039950011
79622947442
79265887503
79834307420
79033207283
79624404200
79266674214
79263849321
79255423702
79149411471
79254666073
79055439994
79603046709
79630353859
79265543533
79990136848
79141963803
79037418368
79144508888
79195500705
79252696881
79032415503
79631506949
79066208811
79600118565
79611323400
79095299794
79060489141
79031436661
79122266960
79505864848
79231012309
79146172057
79514669435
79219531849
79129840399
79061432242
79614090021
79630367091
79219129442
79057169353
79149119269
79177781052
79654007002
79035432471
79033151690
79605528510
79603053803
79053192539
79825366095
79136034436
79601647802
79135298998
79053992691
79218673267
79296925196
79312596454
79670064141
79053141157
79296024702
79671394991
79674468045
79315867615
79633256655
79030419990
79243920977
79222451281
79616690333
79514221638
79252213390
79998021485
79033746202
79062346704
79033402652
79237160881
79219861585
79031878316
79313837251
79033432943
79213343266
79631949500
79604743740
79658850909
79135369700
79261170944
79220086037
79619999898
79142502213
79607473743
79067272738
79030063310
79653535304
79031013709
79149186166
79607366475
79213600252
79263166517
79825029482
79099696603
79032574724
79821711858
79144482637
79066637960
79299303762
79609391555
79624406466
79218849533
79193551860
79139560033
79625887822
79242344568
79140440223
79036143377
79064028701
79251612278
79671723540
79609442752
79262854802
79833893540
79635409651
79233212252
79688491435
79218971558
79056211507
79263287870
79227985331
79096625730
79264345975
79036454490
79214343842
79256114255
79606732262
79261620990
79067470089
79213583095
79094166671
79051503241
79611520553
79263605835
79137292050
79537664608
79033411000
79831966846
79055420849
79831024460
79620701379
79672328487
79263608030
79629081849
79093384572
79675325997
79264564959
79213085364
79601110519
79262890648
79633511084
79134006881
79602209785
79054411119
79682610646
79065632201
79632924121
79635098967
79230464434
79125395280
79065487372
79061739042
79629122333
79024791671
79602964930
79214323391
79292231111
79251200504
79371525156
79265412003
79137274166
79624222202
79878460720
79324772740
79054836897
79039099658
79260256094
79262483178
79038959972
79063662166
79095590215
79039485310
79650869949
79038213872
79268833056
79261474899
79614140069
79054674682
79053756679
79674103666
79054563533
79228244115
79124903500
79036920920
79604282273
79063537198
79600304819
79215680568
79217412478
79045867115
79065041008
79142038054
79216449600
79611941667
79538732341
79097140301
79062567404
79608363482
79373000743
79142587334
79063805132
79132702404
79137747036
79033739068
79614071777
79627006062
79262692282
79263759887
79053849806
79220553265
79049895551
79247825312
79025648797
79031797985
79148504339
79149602476
79616611000
79213885889
79626211431
79627264926
79263459789
79260177077
79093731185
79273421900
79043827322
79054428631
79605410409
79263191656
79221694996
79213762303
79097767027
79261465862
79091222550
79684098500
79083157412
79093703636
79038295002
79241757126
79219200656
79061585917
79257922737
79057949002
79266575899
79127960382
79214212911
79051508688
79024773182
79053389580
79056504177
79098008229
79261184050
79611346841
79063148581
79654808883
79061593606
79221536105
79312566889
79603377001
79684044181
79680500510
79631490054
79834331694
79054154525
79128199825
79232895978
79313857742
79220412720
79062103534
79315329644
79091326953
79215874305
79063801926
79214040176
