79030799888
79161211792
79090943411
79180467611
79124440235
79262158962
79182036610
79602839795
79099434101
79028773562
79046904646
79164129956
79171114085
79017743077
79026357027
79081879926
79168823656
79087294859
79055522575
79265798281
79028741513
79858119372
79082843499
79214450039
79213845851
79028751094
79168013363
79168100000
79262755285
79060453564
79026114548
79263470121
79112827110
79117901034
79265909945
79068441064
79199945365
79856259443
79013816353
79197705352
79045049294
79087360330
79031564021
79312470034
79112508360
79107504572
79166530243
79119353167
79170246815
79042928120
79637771790
79099460017
79851979882
79122811672
79516516343
79261357625
79683625265
79088115314
79166000988
79172789751
79031917983
79115210733
79166596296
79049748009
79043855785
79068467438
79042733266
79167176861
79085762884
79261045766
79533786349
79040442834
79165507516
79006540215
79150439040
79175011851
79055152417
79645515092
79516480738
79068620063
79215651505
79120206700
79086394744
79120610306
79102207372
79170990909
79085546901
79115756961
79651032249
79091875328
79686586058
79155633964
79263240708
79104120324
79218791222
79213813428
79265992508
79023111789
79116596692
79165330911
79265722289
79050005656
79156747052
79152412016
79031261018
79090004609
79107454321
79067650157
79262965723
79067735111
79068710272
79164479211
79099955799
79262193113
79117050242
79214147176
79108921817
79267176304
79052502736
79112897604
79045071410
79153462802
79068670978
79653573470
79672387747
79171316379
79152367489
79187790201
79032000053
79160812272
79111012415
79035481414
79026933017
79183609020
79035478990
79219948954
79150838566
79031282452
79181732494
79172118981
79661219468
79522307408
79175654688
79516615908
79107501789
79176670774
79152305532
79219729907
79856935511
79068651005
79652493227
79033986113
79060378903
79105500855
79267897300
79032734780
79315803477
79175582916
79602535423
79082414651
79266928937
79119165888
79516425992
79127553436
79172215942
79089242301
79118579846
79062723171
79211881987
79151710715
79068889767
79150808290
79052183205
79031902000
79104249652
79046030191
79115827485
79028976177
79161773564
79263397921
79117757872
79672449288
79177024849
79035890480
79035648585
79172574892
79853502743
79167463448
79161029568
79169577101
79031451090
79263586842
79262808661
79032503020
79111640779
79037116813
79168019856
79312885290
79267214880
79268771912
79163468989
79033569999
79629725544
79057192725
79049732517
79262166770
79031914086
79177045046
79107876282
79045438066
79031410716
79122431113
79263968355
79164832123
79085888686
79032461151
79031466770
79042777037
79028091584
79052078876
79086363322
79057832761
79260710413
79086326074
79044795655
79859650665
79261319363
79997160191
79106569165
79262707361
79261780300
79857191218
79163429730
79162320997
79115676873
79264707512
79265251703
79067713233
79163061139
79857464598
79119273022
79255024178
79033672468
79080505505
79032308809
79027994790
79169031814
79124633658
79218467156
79104199652
79671956522
79082452082
79045400457
79024445771
79060537897
79024722222
79263899603
79152970653
79217455028
79154980616
79219227848
79670364016
79036613712
79111416820
79217810165
79037279629
79048455252
79035720654
79253536359
79080567766
79068838883
79261760320
79030787444
79043115230
79031402844
79085718898
79104677596
79046824015
79033669012
79184964103
79032354128
79261330411
79057074747
79046341710
79165704074
79213451212
79057429448
79037753558
79163625210
79687962307
79114606460
79264374382
79058951564
79211892969
79026345570
79250288958
79049322202
79107577771
79267554317
79172437520
79219448117
79267949734
79183802143
79263861822
79169662677
79084683544
79045072313
79104968973
79265668240
79176586074
79151105806
79031790168
79112447183
79213944585
79264174171
79085727666
79114561306
79261688457
79163704780
79653046224
79253439468
79265216168
79068548457
79169614246
79261506723
79250427372
79255896408
79262316481
79026885149
79161469793
79215562562
79026303416
79043335885
79035418567
79049749051
79099548228
79026424828
79260714947
79035837765
79102280768
79999009380
79080808822
79114626384
79213770231
79500237069
79112236123
79165719112
79533580991
79108506429
79291143140
79037691551
79522387222
79213838553
79057683721
79125511222
79152175943
79255989642
79117028474
79263074259
79031166516
79067662275
79155827224
79533648475
79215990599
79171428542
79169668738
79058461873
79068129800
79219084200
79030890674
79161598589
79022676029
79124444247
79150389340
79262304452
79187100612
79516645524
79176119797
79163356475
79218551823
79046643305
79268835656
79257557091
79151941764
79859245702
79265435914
79080513744
79253006346
79119729934
79090980880
79091190222
79266643339
79118626947
79122726069
79104666610
79119275656
79104098814
79024714524
79266105569
79154580213
79265549674
79031332518
79031140790
79516443230
79044881410
79060761338
79116255790
79122626426
79028781051
79853156450
79652521282
79312396222
79166025985
79169667355
79637876761
79183440184
79035584760
79057347885
79269347793
79264081139
79169246842
79036167287
79522242685
79522088371
79082550933
79032316629
79026025650
79028517468
79265944827
79778118334
79213080578
79266199955
79177152220
79115552274
79026175319
79036276342
79268878238
79032999181
79165585599
79214266342
79177155552
79117625242
79218891622
79261027560
79033956984
79022595804
79250603179
79080605252
79261521641
79161534615
79166889540
79181817997
79265445021
79087872790
79104612420
79037307837
79265713641
79122000857
79085736104
79055645920
79197278613
79261115762
79045483849
79106594154
79112911208
79042311139
79163253008
79186906445
79175056955
79261901814
79043378709
79045048620
79035377390
79265356529
79067459129
79095828194
79213727928
79042717308
79104350142
79115726615
79028733280
79109190878
79214445840
79167390079
79218851238
79042787588
79263719495
79116530000
79057732878
79523599196
79175088088
79042774067
79028201875
79215919199
79268148944
79088721075
79219472262
79163220519
79216389733
79150444057
79035093900
79048170561
79032969815
79163245878
79161136313
79097249001
79166050103
79055330222
79779768815
79112315722
79265305350
79258467202
79169528713
79637638945
79266000638
79047624769
79684332939
79127503627
79052830092
79104291909
79067778570
79177021111
79156858880
79115231322
79219920266
79152453653
79082434105
79219442808
79105808036
79068516651
79030995533
79082763887
79055481192
79128536665
79602859032
79215973818
79112465437
79104259171
79115677771
79037555315
79219434348
79107017634
79080864005
79516653672
79261666178
79052121142
79167835554
79035026046
79252593277
79265900384
79850590205
79040446649
79262706512
79031078759
79164336631
79041093988
79219839308
79171038705
79058851149
79262331652
79522829936
79062790575
79117842598
79267253089
79182739342
79110059549
79255051013
79036106937
79121031111
79213787875
79166050106
79172954293
79265773747
79262551993
79859964280
79035653102
79028677605
79163409542
79060576920
79028756781
79036797402
79120591119
79856614804
79818748810
79165895768
79047668043
79091541129
79267179465
79645004875
79044770242
79263767945
79085718160
79166916248
79048444696
79154116977
79122584345
79176737974
79214147786
79261661266
79629269229
79217610670
79163394842
79688741489
79213873743
79119398280
79040446987
79026313310
79219508813
79251534436
79042575202
79165392638
79091066901
79602789341
79162169201
79254717827
79043193541
79161889256
79097248983
79055359525
79170232771
79651693586
79031421733
79057627141
79319732455
79035889751
79261627275
79119270958
79167227937
79263359768
79127523212
79773854897
79638066208
79688378499
79835396449
79026204498
79600586740
79264070530
79053729307
79262789799
79094018298
79689057410
79511831340
79265416024
79625989696
79625578412
79527368254
79060455516
79265570595
79140335481
79600937333
79142102872
79650071904
79628999757
79037784837
79655629442
79265005849
79626919118
79093224897
79063839293
79216566644
79627254358
79261441567
79620675932
79067583022
79253492225
79526482699
79687661372
79600500397
79066022184
79226532763
79222144316
79261989139
79241438499
79247275551
79218964806
79033457598
79001979702
79258664492
79652379864
79618153663
79091412513
79602609091
79636444940
79263837750
79058779772
79312564523
79654736927
79514881573
79057232132
79148789659
79092972195
79145441068
79655841064
79616740046
79654457834
79633886611
79050229466
79051900090
79644930644
79264251317
79266915492
79037192591
79057431287
79037730634
79055498483
79675026807
79600212460
79629979926
79066994430
79062651692
79616025515
79611551787
79056593479
79234289593
79296637048
79219838794
79500524968
79999827796
79213515072
79093038880

