79048422145
79173819090
79220695533
79090196577
79227099709
79228658284
79191243735
79825939507
79126246792
79068229856
79224843226
79228441144
79195922133
79033602513
79827874912
79220740883
79048740658
79519592473
79026351321
79518135469
79279596855
79221352901
79920279229
79053079202
79122099532
79086395949
79173730025
79273399032
79226015409
79173795096
79228786778
79033533804
79659353597
79125924458
79199448778
79821145282
79518107702
79320178205
79049718440
79090443669
79829093008
79506425697
79667642973
79173595101
79041638928
79122460914
79823595984
79058944699
79220767205
79080802320
79292146043
79228301987
79220283417
79000981723
79514716904
79174992137
79129119255
79026906777
79373144411
79324759926
79048849138
79518126707
79279591296
79088734522
79871461043
79043835277
79082418919
79044906282
79177537207
79227216690
79228817491
79174034237
79068938004
79514884371
79089018761
79630541588
79122174566
79825818708
79871337889
79122564510
79174422539
79043076491
79220265970
79126394900
79025029021
79504817235
79043893958
79228994500
79086326693
79085723809
79527396725
79993419496
79197126590
79867759427
79024106850
79033698242
79324711511
79228365835
79378452109
79870373986
79221195582
79507271444
79043008647
79320588842
79001993571
79373530636
79028030222
79125357575
79173464670
79228418572
79122155578
79827762871
79227572366
79523236735
79273491129
79191193600
79220411119
79634369328
79224896663
79225749029
79320505197
79292463637
79028195112
79124381002
79920002853
79128984180
79091495278
79025839934
79630464294
79273037877
79324285844
79199406529
79123502809
79226050843
79000652586
79995109816
79510319404
79872443203
79502060517
79225535425
79199385498
79028013364
79123026860
79829335722
79655700707
79049747885
79043021918
79222215777
79085726009
79128035150
79068541104
79328503431
79222605059
79043027555
79120309001
79026116016
79824660596
79519287496
79080948137
79044824155
79504849273
79033699767
79193509326
79878485625
79876050195
79026036399
79514354916
79129856802
79170477415
79373388828
79521380900
79504579439
79000880787
79080662998
79128990187
79824899918
79041600586
79829883204
79617979791
79519789367
79821896559
79195889395
79068272946
79082773219
79028149442
79044650465
79090840133
79199405528
79824862144
79518173252
79123810087
79122759014
79279616812
79199259588
79228098715
79533807830
79049737973
79124305549
79638682978
79228247638
79995666090
79173885117
79126035638
79325412911
79226090076
79829101146
79123433450
79028612418
79518195458
79177349296
79959430297
79051801432
79875844564
79091777352
79222413993
79827775213
79226324321
79170463743
79519844175
79193979937
79504640730
79028798680
79096189902
79969247277
79634493272
79521385953
79227556819
79120873284
79033993028
79220414509
79517717766
79323021113
79995637416
79195913422
79328401163
79829145885
79174944808
79505219315
79507454553
79199420711
79174021483
79223136435
79041745794
79089287665
79068071270
79093512498
79227828654
79048411352
79030791346
79173647290
79088675020
79022546686
79619056930
79222534758
79920277937
79173674415
79033603665
79191462678
79222636224
79123900996
79129962124
79920168914
79226558703
79533800971
79655329452
79224711911
79538202843
79227219999
79194557801
79678676897
79027979666
79226992979
79086300936
79514806737
79922061933
79048466048
79649640106
79519381615
79082606296
79088340636
79227477473
79199569160
79677488989
79080433644
79126975351
79223358600
79523326538
79045493056
79526762774
79655717166
79273191457
79044912039
79228319010
79123540056
79068058660
79222279239
79826400779
79033600976
79638933258
79630970347
79177690997
79514720884
79320943813
79222394704
79025029439
79122332624
79122930498
79638978598
79523208935
79517810939
79194409875
79870586585
79128959733
79197136538
79823239003
79174477316
79174855715
79129964568
79000617985
79122476616
79224008031
79193445793
79638578723
79091831918
79022761306
79226985747
79223671528
79058002967
79022588183
79048493378
79225436995
79173700549
79965803417
79120400001
79173466003
79122052777
79228779111
79823111972
79125748509
79097266743
79378510131
79024777952
79080595103
79221247750
79090109924
79058486817
79043826291
79279616020
79089150874
79527274838
79511267680
79871341078
79228071846
79322542572
79028167121
79228726005
79824678864
79090142945
79827113809
79082588283
79631444441
79225378813
79222656119
79002075155
79068638558
79825213651
79123445682
79199432017
79878657744
79120823532
79521436814
79826047591
79177668641
79292639530
79655256460
79506330593
79228154235
79826009700
79224008181
79129244220
79174237927
79378405209
79991331080
79630363550
79324278881
79221451477
79174654589
79129373859
79511228231
79033952505
79058412664
79227681018
79878401356
79028183150
79058492304
79226056225
79373567110
79126160777
79823696819
79124859039
79517782989
79068616764
79220799484
79324030704
79048742029
79124390686
79125264624
79507303427
79068701556
79126871929
79129910769
79125990425
79227608070
79088795728
79821665373
79639091267
79224616640
79129878840
79123416857
79122214413
79502074326
79518148143
79195968300
79028519684
79177955282
79273032903
79129190898
79504504037
79126225986
79273170938
79089080315
79220364597
79923529237
79825655109
79028001638
79961887403
79504626546
79044945738
79170480752
79871961020
79506411360
79995495033
79222205120
79373622234
79517746740
79634529795
79091907999
79871979762
79026387978
79292722332
79326159931
79088874093
79656697370
79123909722
79226718026
79822388082
79028769077
79279403472
79058547471
79828089748
79082424078
79514831144
79177478911
79373611172
79273584098
79122490392
79091187247
79058507470
79028519188
79226199129
79619299784
79122606356
79221168540
79058864819
79124044151
79514693820
79873485791
79619412424
79823656568
79273551686
79228247212
79227022190
79174112661
79321120622
79128415278
79173788287
79658310676
79177559850
79995495026
79051800807
79097263553
79125118778
79127918860
79504831662
79122582699
79325509111
79824866288
79193910770
79012100995
79872532394
79823226886
79222599698
79373399333
79068840822
79028795277
79920038242
79827749600
79321175576
79826378677
79058924854
79048011140
79655091903
79292518709
79821316924
79507444567
79058109054
79826036050
79514814047
79000253201
79026367182
79091921777
79822974470
79191583057
79325548758
79922157016
79024445422
79608076808
79097391120
79876201570
79273135020
79128169428
79043886417
79878437021
79226125687
79085743079
79174261159
79630828879
79523170659
79025877034
79867734060
79224581240
79226589421
79826147412
79122658026
79091098069
79082753089
79220971551
79222431463
79224666070
79093501713
79227709999
79678642716
79292653878
79506376833
79199463753
79510343429
79619156070
79128867631
79630821441
79122000992
79049837621
79124330866
79085746537
79638535777
79642407019
79058195444
79518142929
79091853558
79227572920
79878888636
79519871153
79638666556
79128835274
79655335797
79279250165
79220540315
79174607550
79225366460
79224838633
79195652529
79196147291
79033989086
79876065367
79122693491
79091714476
79225470233
79920030668
79049842136
79027902885
79174457432
79821314195
79126954412
79126651130
79044743467
79049790298
79049755673
79122993610
79505450960
79518195872
79089178339
79068566883
79320530189
79226050834
79373365332
79048116581
79129192357
79221289688
79082412147
79193340057
79824712040
79619293838
79878714413
79825196072
79226439055
79504695500
79177553534
79504712951
79122341423
79506536424
79222626265
79022716052
79373630313
79224338312
79126139076
79223579775
79123968486
79222677720
79501946896
79504409949
79920113873
79674502876
79521476570
79533804100
79228864032
79878507301
79872429715
79122047010
79080691570
79227267295
79638930811
79825827595
79221945646
79504451399
79876211830
79523317530
79823219100
79197137291
79505355927
79123489170
79519392111
79199208666
79041741314
79227282770
79126606885
79174093147
79090197175
79321255305
79082533407
79221377718
79222183597
79082424283
79374808843
79272375368
79874985089
79273260883
79824890801
79276375544
79223169307
79122444836
79026478292
79125394243
79048779334
79225577505
79632740035
79224770663
79068141516
79829799206
79504580462
79374799313
79279237557
79003870704
79220620799
79043059689
79080619097
79122772108
79122170455
79082716880
79085849594
79193477766
79173839887
79323053079
79899562090
79174104169
79080604848
79824556317
79174537427
79223863346
79223654509
79122574548
79223533249
79048462688
79228883364
79374720274
79821337370
79068212248
79377859302
79129836779
79874961417
79878518789
79273095547
79028792771
79222226510
79526511669
79226185992
79026932505
79126651152
79058910543
79197071989
79049884455
79870544836
