79163416213
79163425809
79163429730
79163437321
79163440166
79163450948
79163469872
79163471384
79163471598
79163474009
79163487991
79163494899
79163498187
79163501727
79163532729
79163538908
79163538920
79163543397
79163562896
79163583639
79163588105
79163609093
79163617545
79163618806
79163625210
79163627255
79163631919
79163659943
79163668375
79163673974
79163679786
79163686890
79163690686
79163706104
79163707984
79163708482
79163709715
79163728324
79163728361
79163734850
79163741033
79163749941
79163765089
79163773887
79163775614
79163789418
79163792987
79163798564
79163800563
79163822281
79163822684
79163864552
79163865392
79163886587
79163897054
79163898102
79163898767
79163902512
79163916477
79163922389
79163957462
79164004484
79164004725
79164006300
79164007760
79164009928
79164013866
79164028388
79164040002
79164044515
79164049242
79164058255
79164069470
79164073250
79164079551
79164086265
79164086395
79164095906
79164099969
79164122920
79164127270
79164129956
79164139800
79164139997
79164149052
79164151360
79164153253
79164166183
79164168912
79164181894
79164189600
79164199780
79164204297
79164215556
79164233561
79164244000
79164251799
79164261583
79164263674
79164278964
79164289507
79164312312
79164314847
79164336631
79164357129
79164363433
79164372631
79164391275
79164402132
79164419694
79164423430
79164427135
79164437246
79164439633
79164462098
79164481665
79164482795
79164484774
79164488416
79164493829
79164501438
79164509964
79164525355
79164527006
79164534633
79164538015
79164539591
79164586998
79164590956
79164600373
79164614421
79164628866
79164671929
79164676426
79164677554
79164801178
79164813808
79164832683
79164837742
79164849411
79164863482
79164868896
79164912483
79164925984
79164926086
79164927389
79164931870
79164931991
79164962211
79164994276
79165000905
79165004306
79165008737
79165014690
79165019958
79165039839
79165040499
79165047729
79165068647
79165083020
79165083234
79165084569
79165107889
79165113986
79165114795
79165134989
79165158349
79165158844
79165162442
79165163606
79165171597
79165179590
79165188211
79165191046
79165217977
79165220401
79165236177
79165252448
79165254162
79165254376
79165261373
79165262980
79165282850
79165325867
79165325945
79165332138
79165334622
79165334823
79165364057
79165369910
79165370767
79165384329
79165398923
79165398997
79165406825
79165413038
79165414732
79165416096
79165419325
79165421438
79165429225
79165446641
79165453242
79165459138
79165459229
79165461524
79165481887
79165482803
79165482966
79165507516
79221828289
79089380867
79028528447
79273232387
79530557226
79526888960
79659387998
79044928808
79122762004
79049413284
79615600555
79177368681
79617685758
79530546561
79198525166
79089134753
79961055146
79177344187
79507337879
79193525522
79630540654
79122927460
79533848392
79096038817
79026103829
79053568883
79617915116
79517961470
79630791933
79603980710
79165513820
79165519931
79165529410
79165530782
79165531295
79165547619
79165550390
79165550517
79165571761
79165574867
79165585599
79165604296
79165606629
79165608710
79165610892
79165616229
79165628656
79165630577
79165638469
79165644018
79165644459
79165657448
79165688920
79165694699
79165695211
79165695216
79165700794
79165726935
79165730786
79165733345
79165736379
79165754199
79165756033
79165757557
79165758822
79165767582
79165774277
79165777418
79165778361
79165785323
79165790114
79165803364
79165808405
79165812836
79165814027
79165821271
79165830753
79165831322
79165835581
79165845732
79165846263
79165860396
79165866871
79165872733
79165888149
79165897465
79165902928
79165905540
79165923572
79165923986
79165935168
79165940799
79165941373
79165949913
79165952507
79165956992
79165975092
79165978384
79165978983
79166000988
79166003086
79166019169
79166019757
79166021448
79166029506
79166040759
79166042804
79166042965
79166050477
79166259040
79166263490
79166263821
79166266193
79166270740
79166277702
79166281109
79166284399
79166300372
79166301032
79166315874
79166321642
79166331541
79166332775
79166337713
79166340463
79166342361
79166372557
79166373285
79166374727
79166376171
79166385327
79166388630
79166409902
79166414454
79166417019
79166426431
79166456248
79166458982
79166459434
79166464037
79166468131
79166482699
79166491861
79166503918
79166505068
79166505182
79166517122
79166527045
79166528453
79166545610
79166547255
79166549492
79166550963
79166558077
79166558701
79166563043
79166567548
79166572780
79166579595
79166585606
79166590197
79166592190
79166618180
79166627854
79166637767
79166642841
79166654999
79166659233
79166702383
79166706446
79166707472
79166716682
79166729292
79166736700
79166740512
79166749144
79166757403
79166765944
79166772777
79166775487
79166786997
79166798761
79166805389
79166806414
79166807107
79166808372
79166812174
79166817104
79166820432
79166826372
79166830791
79166837133
79166845732
79166851227
79166855854
79166873624
79166891280
79166906933
79166910717
79166912816
79166920954
79166923258
79166925611
79166928878
79166930310
79166935025
79166937735
79166940005
79166956583
79166959112
79166962744
79166978654
79166980102
79166982062
79167000029
79167003577
79167017323
79167023496
79167023695
79167025393
79167027208
79167029187
79167032726
79167036022
79167037368
79167044683
79167053959
79167085756
79167094248
79167100007
79167100017
79167100573
79167160654
79167165495
79167169538
79167172567
79167191429
79167197466
79167225005
79167269555
79167272338
79167274609
79167312640
79167314107
79167316154
79167323992
79167324474
79167333299
79167347008
79167361649
79167364453
79167367213
79167376021
79167376844
79167377692
79167389101
79167395354
79167403856
79167406386
79167408224
79167409878
79167415092
79167418911
79167419617
79167426262
79167453656
79167463386
79167465562
79167507282
79167509977
79167515068
79167518559
79167527269
79167527972
79167529064
79167537886
79167540832
79167546001
79167550255
79167558377
79167568400
79167571392
79167571557
79167573031
79167620054
79167704876
79167717116
79167753455
79167760631
79167763064
79167771617
79167778040
79167781897
79167792672
79167794342
79167810601
79167813434
79167832930
79167835554
79167844456
79167848021
79167849501
79167906190
79167949280
79167950338
79167954003
79167960521
79167964486
79167974476
79168010100
79168013363
79168020142
79168023205
79168028592
79168040226
79168048227
79168056751
79168061864
79168067025
79168071496
79168082070
79168090256
79168093896
79168102546
79168112500
79168113246
79168121984
79168128321
79168141659
79168172377
79168190909
79168202585
79168204755
79168214474
79168224426
79168257769
79168284421
79168297930
79168314749
79168316125
79168317170
79168341174
79168377635
79168381124
79168385040
79168388017
79168397581
79168398228
79168400723
79168419699
79168430364
79168443255
79168451951
79168460962
79168470627
79168518489
79168545877
79168609269
79168610276
79168611079
79152786942
79152829405
79152870011
79152870184
79152886881
79152920813
79152938373
79152940275
79152944411
79152989694
79152995480
79153024151
79153029617
79153071543
79153083731
79153089650
79153102334
79153103050
79153117049
79153125651
79153156078
79153172251
79153184410
79153187687
79153193812
79153198548
79153222816
79153227004
79153243314
79153260052
79379868926
79636958572
79265925104
79265512821
79209203231
79250221111
79212906162
79252219761
79271060490
79370044386
79200606151
79315003139
79299477357
79606882337
79969223895
79067903238
79066991698
79067372670
79277448098
79287563434
79067388261
79051056357
79312056997
79060940309
79062907738
79610202473
79997859227
79209871231
79602761187
79255142772
79162371916
79162389097
79162389468
79162400518
79162407108
79162412528
79162414174
79162414500
79162417985
79162442886
79162448285
79162467884
79162499498
79162506077
79162527030
79162530039
79162535922
79162547867
79162556774
79162567760
79162578137
79162579748
79162581656
79162584611
79162621118
79162631812
79162633170
79162638041
79162639533
79162639868
79214147734
79290080877
79299389901
79264602330
79265649178
79067627942
79671457557
79264307593
79603122995
79302795022
79216028217
79217178376
79645157051
79283429385
79061377746
79258574824
79051238596
79035232222
79267178222
79670706240
79315767378
79064689733
79998374743
79096238483
79037712652
79636054024
79055264465
79658161885
79262968344
79256324187
79162973576
79162973800
79162986911
79162990291
79163005080
79163008182
79163024087
79163025199
79163033085
79163053264
79163061139
79163111179
79163111377
79163114452
79163118477
79163132802
79163133230
79163133671
79163135280
79163138972
79163140691
79163144261
79163151716
79163157990
79163160206
79163180262
79163181774
79163183774
79163185488
79163186790
