79039784341
79039792633
79039794778
79039794831
79039797148
79043342444
79043393378
79044669938
79044677188
79044776845
79045118117
79045131545
79045512576
79045518389
79045596320
79046025059
79046028642
79046066679
79046105820
79046330541
79046334500
79046380573
79046494509
79048783851
79049692076
79049936159
79052059541
79052078876
79052136696
79052224903
79052231225
79052369495
79052500636
79052502736
79052555221
79052572023
79052796317
79052806603
79055003604
79055006939
79055008236
79055068651
79055073518
79055075700
79055077120
79055081595
79055083606
79055089033
79055094095
79055095493
79055138577
79055140004
79055141138
79055148840
79055156200
79055164430
79055175882
79055184030
79055187222
79055193775
79055198559
79055201913
79055221921
79055230973
79055235275
79055236703
79055243544
79055255379
79055257905
79055260257
79055261671
79055262213
79055271709
79055299251
79055309033
79055311009
79055327650
79055327873
79055384787
79055385547
79055394414
79055396204
79055406394
79055413012
79055420719
79055439531
79055459784
79055481192
79055497736
79055507438
79055511840
79055514320
79055525688
79055531209
79055533562
79055544990
79055550581
79055555383
79055555756
79055562082
79055575766
79055578782
79055582234
79055612826
79055614779
79055650765
79055658485
79055683040
79055693298
79055693982
79055703770
79055712338
79055715022
79055741167
79055745317
79055762152
79055766894
79055774224
79055777678
79055781329
79055790414
79055794164
79055798326
79055802348
79055811490
79055842844
79055851367
79055851923
79055862026
79055875247
79055876703
79055879175
79055883152
79055922359
79055927008
79055928708
79055940883
79055967599
79057000569
79057007269
79057011199
79057013374
79057020044
79057037571
79057043662
79057046439
79057052593
79057056223
79057057147
79057061008
79057061796
79057085893
79057087639
79057095056
79057111212
79057114550
79057134289
79057155955
79057156335
79057175507
79057179312
79057184400
79057188333
79057196346
79057197004
79057201578
79057223138
79057228163
79057229759
79057230978
79057236946
79057250494
79057251796
79057264128
79057271229
79057294621
79057298610
79057310390
79057314439
79057314791
79057325481
79057335612
79057347885
79057350169
79057392382
79057398830
79057399972
79057407294
79057408258
79057423186
79057423381
79057429448
79057433313
79057437105
79057461615
79057473201
79057476094
79057480466
79057489025
79057492081
79057494664
79057494953
79057503139
79057534894
79057541520
79057557894
79057558848
79057579649
79057590703
79057593554
79057596415
79057601672
79057641587
79057644467
79057655910
79057664216
79057697519
79057727230
79057736210
79057736540
79057740409
79057741679
79057747086
79057764996
79057767084
79057767364
79057778421
79057792207
79057804968
79057829524
79057829782
79057839298
79057844563
79057847928
79057854611
79057862005
79057865273
79057869158
79057893142
79057901615
79057923642
79057939591
79057946286
79057948501
79057955398
79057955660
79057960227
79057970192
79057977687
79057979714
79057979944
79057985372
79057986408
79057988937
79057999002
79060140237
79060346775
79060358406
79060358831
79060376334
79060398974
79060424040
79060427754
79060438622
79060441430
79060453564
79060456552
79060472147
79060496597
79060499665
79060526901
79060540622
79060548823
79060550064
79060556122
79060557661
79060558204
79060576564
79060587033
79060592212
79060626395
79060667533
79060670194
79060672798
79060691690
79060714001
79060716696
79060720358
79060735245
79060735465
79060738352
79060743760
79060748370
79060791654
79060832194
79060833457
79060854064
79060890257
79060908686
79060942434
79060975137
79060981674
79060995502
79060996254
79062609246
79062790575
79067000519
79067002016
79067006669
79067011135
79067022763
79067022815
79067023218
79067024174
79067027828
79067050774
79067056213
79067065057
79067084042
79067090671
79067091017
79067092233
79067115757
79067116216
79067126701
79067134876
79067148480
79067159781
79067162534
79067162582
79067188133
79067207008
79067223651
79067228209
79067286811
79067325378
79067340373
79067372484
79067388518
79067399397
79067403325
79067405020
79067406100
79067408718
79067445385
79067451870
79067464045
79067474376
79067490005
79067492290
79067494879
79067497129
79067512317
79067523081
79067544182
79067551020
79067576007
79067578715
79067621999
79067643919
79067664621
79067706866
79067711222
79067735111
79067735902
79067771076
79067774888
79067787500
79067792522
79067803226
79067807108
79067819746
79067858722
79067896139
79067900898
79067904798
79067915073
79067916031
79067939748
79067972737
79067988823
79067998195
79068711137
79081149723
79091504183
79091507298
79091507329
79091508585
79091524833
79091536280
79091574733
79091574800
79091588549
79091626203
79091646171
79091672031
79091672713
79091674808
79091685505
79091690432
79095232327
79096203154
79096209189
79096219846
79096247941
79096251123
79096252288
79096266897
79096272289
79096281031
79096281529
79096305979
79096309479
79096317350
79096320232
79096323590
79096331745
79096332871
79096340923
79096348583
79096363136
79096370614
79096379466
79096424994
79096431973
79096451901
79096465672
79096471250
79096483491
79096494357
79096495693
79096510488
79096531175
79096563602
79096564270
79096574243
79096582887
79096587622
79096634924
79096659268
79096662555
79096662660
79096668730
79096669788
79096682757
79096692654
79096713842
79096731258
79096741024
79096758830
79099211350
79099230051
79099230198
79099242697
79099263124
79099271631
79099294232
79099315288
79099317739
79099347101
79099353719
79099379292
79099388975
79099393277
79099398614
79099398682
79099399333
79099400971
79099421240
79099430327
79099434101
79099445964
79099469291
79099474969
79099487803
79099523021
79099525112
79099529262
79099567038
79099573185
79099583355
79099647766
79099659584
79099699317
79099708986
79099710939
79099717056
79099733954
79099748206
79099764308
79099789347
79099804477
79099814081
79099820484
79099820735
79099877439
79099880658
79099889119
79099908583
79099932721
79099933541
79099954877
79099955799
79099961343
79100004009
79100020207
79100199517
79104024323
79104024362
79104027368
79104030462
79104031705
79104031940
79104046536
79104054575
79104069686
79104081023
79104088033
79104099321
79104120324
79104121528
79104158150
79104178289
79104181434
79104181775
79104190016
79104197715
79104201088
79104201688
79104206132
79104206974
79104211200
79104212204
79104218772
79104228211
79104232215
79104237241
79104243650
79104244127
79104259171
79104259779
79104266230
79104269698
79104270143
79104288543
79104291749
79104293501
79104311196
79104312821
79104313549
79104315815
79104321846
79104327003
79104335200
79104350142
79104350552
79104356729
79104383415
79104394136
79104396833
79104400500
79104405491
79104408515
79104408870
79104421522
79104423182
79104423264
79104428057
79104429865
79104442309
79104449059
79104460437
79104460650
79104465219
79104468793
79104493134
79104497124
79104500206
79104502746
79104522853
79104528205
79104535527
79104553504
79104582441
79104583208
79104615314
79104622975
79104631892
79104653573
79104656474
79104658057
79104659290
79104660454
79104684824
79104690188
79104694090
79104712310
79104717027
79104717895
79104719770
79104737317
79104743251
79104755580
79104755850
79104755896
79104756698
79104757623
79104765030
79104768205
79104776080
79104788890
79104800366
79104801772
79104841097
79104844882
79104844986
79104852555
79104859901
79104862037
79104870291
79104873298
79104903651
79104907058
79104913574
79104937777
79104942049
79104951074
79104954950
79104955507
79104959127
79104968973
79110059549
79110233744
79110279777
79110328492
79110805382
79110920831
79110921826
79111012415
79111136725
79111230060
79111244426
79111288496
79111338352
79111355489
79111416820
79111456144
79111471952
79111601627
79111640779
79111756602
79112068968
79112087458
79112126830
79112185550
79112193570
79112236123
79112315722
79112447183
79112453283
79112532181
79112562540
79112665014
79112897604
79112936655
79112937671
79112984040
79117021915
79117026496
79117028474
79117167833
79117173783
79117279102
79117314294
79117349964
79117461250
79117688722
79117693144
79117720940
79117727430
79117842598
79117848361
79117938640
79118115965
79118319905
79118344731
79118495892
79119065756
79119200720
79119210188
79119221157
79119244324
79119270958
79119273022
79119275656
79119431004
79119542580
79119553898
79119795906
79119817332
79119982688
79119986366
79119992558
79119999908
79129168695
79130172789
79132008727
79132163198
79132263545
79133706434
79133769342
79133782484
79133961181
79133996328
79134507165
79134549076
79134723415
79134858113
79136173947
79137103581
