79273414292
79097225271
79226300329
79826557953
79080802136
79273412467
79123405772
79922245355
79273110048
79063722133
79328491687
79527346519
79655025858
79273333341
79096023792
79193231102
79228016244
79080060616
79193759593
79514630475
79822895483
79634966782
79870940994
79226083162
79096041502
79028201535
79088260989
79193514147
79178000343
79273351641
79120707504
79082559196
79518125709
79194756622
79173753721
79273353935
79173762747
79048731517
79526739380
79325416522
79129785928
79273055216
79530405520
79273090996
79619197809
79279443446
79517833749
79371546921
79617846709
79373463455
79048068382
79224701511
79655134249
79030818103
79519529595
79024748763
79045448040
79195850510
79824802517
79228265035
79279284902
79196019281
79823657702
79226253763
79519862780
79174129995
79122689424
79122945230
79174521932
79195561666
79228907873
79045487156
79615539470
79041746452
79126152195
79226352194
79517833716
79821343603
79963216626
79129386479
79089244994
79096117483
79080571264
79507243776
79199522145
79505047402
79226537172
79272379085
79325306805
79120521178
79617546471
79920227739
79617617052
79196041294
79026938679
79199211242
79222278797
79505063338
79634990777
79174601985
79677304084
79120383553
79823217215
79507350505
79028003119
79826203090
79178080722
79002107377
79026404662
79827158217
79044958428
79222014009
79504657641
79825143225
79821085049
79273036580
79505078657
79226547778
79273446367
79655599900
79634650520
79123590446
79877886584
79122838333
79022664063
79197145701
79514302758
79678638241
79193516989
79028558035
79225404011
79027989128
79224714696
79049877037
79963282928
79024007077
79199221703
79222395692
79530589595
79122415621
79194554333
79824591425
79504843150
79123459692
79827443899
79224828523
79224763371
79053592252
79919090588
79507210888
79225492125
79634920399
79504793412
79221303043
79085735405
79822900679
79220516195
79120801198
79226582177
79177671487
79826315736
79518188318
79090010589
79226174518
79090811821
79096101067
79378352774
79086350764
79174075906
79518108160
79126137095
79174196610
79220214577
79126503834
79033979724
79823175150
79226281882
79085714746
79222040566
79086324503
79004037290
79044976755
79630475399
79991054304
79371567774
79226259301
79220702777
79002110031
79995891603
79876150253
79227239708
79058228889
79867882107
79028274416
79124718074
79122695518
79026257118
79504875302
79827017317
79128853560
79026923003
79068567007
79829302950
79220079892
79222483227
79028595211
79122500557
79871977384
79124352408
79273246263
79085810616
79043051998
79080505534
79193748880
79225501455
79093462483
79506441825
79033686295
79505327073
79517865010
79514692100
79871164910
79043898475
79122079477
79199409459
79097372684
79676355215
79027939118
79325577922
79225382184
79320918123
79089072015
79221432445
79871426024
79678521045
79195781217
79292079832
79504400175
79824760422
79088533867
79126941236
79097431609
79197133083
79091085503
79373439493
79000467833
79085851007
79193266352
79619488042
79128878408
79655596262
79129219527
79228426360
79517765616
79228137566
79586696138
79641897909
79174949313
79088805352
79617671955
79122465727
79123258331
79501976859
79221012736
79514556338
79507383933
79273392888
79630483137
79080675597
79191130013
79058131012
79870525027
79120876467
79086375693
79519205757
79501991220
79197104669
79920131272
79123476262
79126273020
79083229645
79525032466
79221103387
79922141682
79630086651
79043891667
79536070067
79630733268
79089073672
79220499990
79963213522
79505468963
79870199825
79325350474
79373141413
79082661319
79323324617
79058381422
79279634549
79049782981
79093484189
79080587382
79222519182
79223358464
79507296513
79173539488
79199395315
79827491248
79080515501
79198681967
79174491248
79173547111
79530462190
79026406975
79221661722
79517796713
79223970919
79089183074
79122176973
79126586555
79530420507
79044911889
79122927313
79523495427
79374888588
79126308675
79082643291
79512411011
79226011025
79048492613
79122343288
79521328310
79871060708
79044622125
79224092744
79026234774
79326070754
79122494110
79068929648
79226566503
79872419133
79128815281
79373660708
79824372649
79507299491
79028345985
79128816151
79923040023
79222681303
79122534239
79826327857
79122527512
79874964385
79224714783
79526733847
79221864503
79026483977
79091472028
79222809594
79091730121
79324876492
79224598543
79950886154
79174165464
79222394100
79195891221
79923421111
79026316136
79511287313
79371551559
79018528793
79222530727
79510337855
79872508518
79220446385
79514737745
79082773510
79228370250
79193436753
79521314976
79096127206
79043843399
79872539970
79044764110
79082648941
79533898774
79527143943
79198401891
79088190686
79625269441
79068882114
79874799920
79829237265
79128871229
79122982724
79028076145
79096161441
79226270652
79518173538
79091072623
79128156065
79373590303
79080781881
79827281428
79225527836
79127827338
79000906848
79221584389
79058240611
79222318217
79527425346
79088671153
79191474415
79080469442
79227527413
79603917651
79000735820
79530096062
79878655614
79198457250
79639011956
79228643184
79194584004
79825592868
79174562003
79193448422
79878777745
79193382425
79048758751
79993711229
79224629109
79026155902
79829442383
79273221139
79876194317
79964460161
79630508174
79519250884
79000336398
79220601379
79822874184
79028675078
79000976574
79228633180
79228282156
79505003233
79519462502
79195387832
79222947163
79514895763
79619059588
79091955789
79504614810
79505144036
79068461345
79024710551
79822115124
79514402288
79504827767
79122756818
79867928868
79514771663
79581480148
79049472311
79080504076
79871420625
79129050586
79191535948
79827297027
79221073170
79091871021
79273481756
79876050010
79128832769
79526407949
79124943491
79228980063
79173416366
79194992621
79080616763
79220141486
79991330848
79026185017
79619137680
79193310313
79228717700
79091170890
79827019828
79505521419
79506571143
79177642426
79122346007
79222504770
79124378925
79193974421
79822602409
79829270541
79526766620
79505525512
79222200436
79053541191
79323213308
79995478660
79000754862
79128113037
79129918975
79196033917
79082415707
79177922371
79027908629
79877876551
79678515551
79517906925
79511114461
79129881060
79514633511
79223661565
79089176888
79630702039
79193216628
79220718061
79123970205
79821994187
79925040607
79048890422
79193714132
79871989761
79374722272
79173695538
79227865726
79193321202
79170471339
79630898010
79174822825
79991159785
79091706985
79373515398
79058228513
79615706130
79170437843
79326084603
79224522259
79877936894
79371645191
79195618971
79273035255
79093522473
79196118788
79028002680
79619242278
79279453271
79178023487
79519952622
79085757574
79123942388
79273396688
79625417415
79505376810
79505027987
79619038266
79227091764
79678737681
79223100782
79120515366
79225461420
79222594311
79097003012
79826496675
79223659612
79226019999
79829414456
79178076934
79058466622
79373447168
79514354027
79228696322
79068630125
79198437014
79630077049
79534508122
79048041812
79044956459
79630868047
79045497069
79124858468
79829020953
79518017477
79199362117
79080404925
79822940821
79631311814
79829734437
79619379893
79226086116
79124099800
79225437318
79129243006
79174974599
79505370762
79127946215
79871471860
79199363406
79194633007
79128479093
79000827730
79514687483
79224479433
79002094002
79517921850
79824500519
79088755340
79120323596
79174442204
79000998237
79273143882
79825952599
79514826773
79024752850
79272387789
79123847947
79173774081
79124988719
79963558012
79228498067
79630098899
79878507919
79227997888
79518138881
79517862442
79824557511
79822702776
79033682842
79088894165
79125819350
79504959856
79292382188
79225518853
79191171678
79226144775
79174797789
79173642530
79043078355
79506469562
79225524185
79505307222
79080591504
79825374948
79323269828
79505082565
79080023021
79058926767
79126700205
79173429359
79504594700
79041730746
79028330545
79028538227
79827502982
79220731481
79226296389
79328506340
79328642959
79871490295
79061030874
79826678528
79088711308
79091056454
79128823207
79825522193
79000813091
79028606031
79225340685
79120443772
79521386381
79634421121
79126654390
79123820156
79514589656
79128470462
79378425649
79505327479
79174964284
79630618800
79082622727
79045484075
79129208609
79220475511
79821084950
79173444070
79227025008
79045421384
79194462441
79373222837
79000217767
79877888673
79373003338
79129921356
79199499059
79506453448
79126127374
79124046812
79122698965
79199545138
79228027757
79085835111
79961832964
79227293500
79373588356
79080450454
79225516809
79177695867
79867826307
79048763255
79824565762
79961742025
79224807914
79026392283
79220744594
79273127917
79514476070
