79653209599
79295361670
79651745048
79778622606
79296834880
79629774405
79660763116
79990020713
79637720729
79602672028
79315382199
79629640927
79684187912
79299284078
79683962521
79629188430
79295889136
79689485194
79661091180
79296993006
79645559602
79633113338
79779088960
79602511194
79672515568
79645249375
79169736349
79299024894
79295387800
79313836061
79602714528
79633457296
79687091311
79636056874
79636073886
79685422211
79661948188
79296256224
79637273721
79672219667
79990116170
79670391620
79629032528
79688718668
79315313285
79650848997
79637729536
79312915088
79651153950
79618043659
79671503181
79312343742
79687405656
79685084121
79269918911
79651712515
79295889812
79672030114
79651758538
79660017179
79618070224
79684784073
79296688881
79636860381
79663196604
79637584284
79629192904
79269528853
79653418417
79629284521
79602835394
79672409083
79602605232
79680060749
79296533404
79632476381
79633146599
79629555596
79296441894
79645899918
79636013211
79653317635
79670608522
79637261387
79312518921
79778016788
79645234445
79636866383
79295908517
79636738546
79990152337
79670652338
79651974534
79636127084
79602678077
79169180744
79650326257
79663279351
79672019920
79653729986
79779832858
79637650184
79686432328
79639640943
79637211746
79650536505
79299894867
79646320399
79684330901
79295784761
79295605035
79650824838
79779770505
79296269803
79319642874
79312029075
79295807154
79992316003
79990299816
79652926550
79778239549
79969745938
79629737888
79269833323
79602451956
79687313203
79689067815
79650000234
79646496094
79663742105
79653326378
79654111485
79992261100
79681841866
79627099428
79672156880
79646269923
79651861112
79602668697
79312895775
79627159541
79689946149
79779506508
79955004095
79683592004
79670366719
79639629599
79295121490
79650393699
79296305667
79629775028
79650209634
79636507736
79299952328
79636552055
79637125575
79992076250
79315795750
79859290602
79637606035
79629552360
79689064488
79650774906
79992198960
79685942575
79296466099
79637502616
79169242703
79639752485
79670641558
79687032562
79629025918
79175205262
79602447006
79680789086
79990136520
79310077785
79671461451
79689265763
79653851613
79685891586
79687845343
79990397738
79690508276
79312871070
79684084530
79959050909
79777162951
79651285727
79688952089
79671043040
79776533597
79652344444
79168598644
79639926101
79296779565
79629404857
79990029748
79602505044
79688135505
79654024611
79647681041
79629673050
79999098776
79689519031
79663282169
79626889691
79169933027
79312382890
79680165069
79629539006
79299426463
79697297042
79629032215
79689040589
79652194613
79684001723
79626919996
79269754433
79296640616
79683970277
79672320158
79687333777
79299372581
79319855684
79295238224
79312554545
79647960481
79319611266
79175432707
79167952354
79299420565
79992031344
79680066622
79299766304
79688019523
79778234050
79660471222
79645950236
79651259329
79653191270
79651839829
79653467232
79660013773
79636321162
79636184822
79633498092
79671798171
79295082873
79652596812
79687243630
79312506306
79653082378
79652655927
79685909356
79776568562
79688811915
79679671556
79602661874
79645674614
79671045563
79636940868
79647054103
79779976261
79319728745
79312215401
79654078889
79637867948
79639200322
79651457296
79675630736
79650959523
79689015685
79629800177
79660088937
79910073306
79689626677
79650505601
79296106013
79672920720
79629066599
79296206968
79684280835
79639676563
79652875533
79652993556
79636483999
79647612401
79683884484
79291050478
79629831301
79688166462
79636433133
79650558186
79315787578
79319807709
79686878675
79168245728
79653746617
79296610155
79602397468
79602894781
79652779094
79646227910
79687014337
79685619755
79602872041
79913098483
79636909114
79629491446
79969647961
79296127675
79684634344
79602316149
79651850413
79663636620
79637212179
79313425759
79168006566
79313567736
79312405360
79295874770
79647769139
79643607426
79629815170
79672680783
79651603339
79295687434
79629477173
79684999904
79675352416
79776794728
79670024817
79660352090
79652427752
79310043780
79313823161
79629244864
79602684020
79999061809
79650409039
79629711811
79602311728
79685901301
79269570512
79636935743
79637841855
79672528350
79671556029
79646490769
79636367362
79689770410
79315360063
79627204647
79636084323
79296561596
79687933454
79299232439
79175865131
79645732627
79683365665
79633422383
79168888298
79653817066
79645920324
79500119696
79312481708
79683733233
79680426969
79992152113
79639673740
79650324403
79636472282
79602721096
79672771660
79269705461
79800810756
79800408761
79295632635
79633199947
79629560821
79670172003
79684463462
79689545530
79629510451
79672685849
79636727059
79299772837
79295451015
79651296974
79653079114
79670048607
79299411060
79653549707
79645912535
79645171421
79686284277
79296269562
79672341659
79296603300
79686119908
79651295311
79602451016
79686936062
79670601527
79779191360
79992083547
79629490836
79296683625
79295220570
79639657824
79687900747
79312213921
79618015887
79629421114
79686891660
79672815342
79688990919
79661081640
79653833218
79999236361
79295905640
79651891411
79296207795
79697988899
79629180300
79653657708
79670916261
79657839883
79689514274
79654280036
79652001717
79637275043
79602310359
79627085178
79299998474
79296117765
79602571956
79643727233
79639279777
79636415136
79654263459
79636189018
79296352901
79296287698
79636088286
79671666027
79657774343
79295010569
79319708510
79686884035
79687618775
79651558877
79299612527
79636572241
79299326748
79618065534
79313737690
79646109665
79688766477
79269908230
79689696161
79652288053
79295632060
79688660670
79651603444
79296242533
79689016075
79808023081
79687604040
79779434947
79639255790
79647872120
79645094786
79651074497
79652114442
79647174544
79670684626
79647915507
79269603335
79647943766
79647611262
79853105164
79315404238
79651464451
79955954075
79312370766
79992160175
79299833061
79689125354
79689650465
79295103153
79647735437
79653885307
79626839242
79602786858
79652190014
79602348564
79637259861
79670888919
79636173633
79670239532
79686029911
79671603654
79269653371
79670025809
79295811840
79269999335
79652433300
79315823832
79269854624
79657860045
79652086106
79295662720
79269632564
79650692285
79652770719
79653080648
79654233469
79623617210
79661020170
79602352997
79650882716
79296509992
79672083600
79646287949
79312822506
79295379438
79296153954
79296346547
79652149850
79645274559
79663321241
79858033014
79319648638
79652504821
79687985414
79646483462
79653209402
79653118888
79295274902
79999097266
79299288666
79650240386
79313600637
79650706010
79296722191
79295207702
79650614808
79777495376
79643375984
79652338963
79636543329
79690399396
79777384402
79689249858
79685925620
79516674480
79684894645
79175274990
79645778889
79313488904
79296489236
79670979631
79645768510
79313209670
79636400013
79296177247
79291058530
79671967937
79671743234
79629448730
79650549522
79653918235
79687805442
79645846419
79685194080
79633448212
79680143624
79629961103
79645891860
79643916649
79637542111
79602852705
79683914835
79688567711
79627227515
79688810035
79295910575
79647239429
79629864312
79657968881
79633282418
79312536162
79296843697
79654417523
79295180849
79295509085
79653294282
79663283266
79626875154
79650854985
79692090209
79779577110
79312435152
79291116306
79315945722
79296044716
79269742778
79661784414
79637153324
79627016950
79602513321
79689216249
79629247324
79647800380
79688843331
79636769323
79670265524
79616102544
79671971201
79602326555
79636796775
79269603345
79778350276
79853357086
79687470719
79602563844
79629324756
79636536614
79296434321
79686797970
79651002397
79168301188
79686162254
79312039185
79645212737
79653511402
79776655932
79647151800
79602309908
79629521607
79629434956
79169535939
79670949888
79645741854
79654110762
79295406766
79319849236
79650389512
79645231949
79645383305
79618014894
79672615885
79647972747
79686184488
79685475477
79296286160
79689887382
79629554333
79629426575
79637144509
79689560206
79671555109
79645528847
79990318195
79299252797
79629506167
79637231982
79627052553
79296306151
79687713260
79663312461
79602842516
79687066555
79779651171
79295765886
79779388461
79637576815
79602373944
79639604227
79629739629
79689437032
79313480063
79637822242
79295098178
79637822216
79629589093
79686427992
79912476175
79779812997
79689296589
79652990512
79650374763
79629647894
79639241902
79310033710
79650393549
79602704142
79777224804
79626999799
79650744737
79312283562
79295399833
79643681993
79661922360
79999267347
79629603496
79688626210
79690168360
79686735920
79651900728
79657676434
79652064029
79650262016
79851517377
79636552751
79650924921
79675113696
79661002340
79645504043
79602570717
79680330006
79675324716
79651954099
79688383133
79618029242
79645669528
79689859510
79602405726
79645533834
79647283662
79269712226
79969736500
79647038733
79778847585
79671369503
79618059998
79672487086
79689524681
79990210081
79778728687
79602630443
79689215181
79313072633
79312392206
79269676187
79685334544
79685711115
79661210471
79653759559
79670450716
79319656575
79650977788
79639223305
79295006496
79650130207
79299121231
79312103612
79602528580
79680468000
79319878736
79643786676
79295704942
79660740943
79602495134
79602726219
79777648516
79299217005
79777117721
79296050817
79778907873
79629110742
79652441217
79688360461
79643368039
79654365602
79967982914
79671810249
79687420449
79319629905
79313445356
79319605960
79967928765
79684234006
79296046867
79670715707
79652702510
79643691700
79312650800
79653745124
79672149367
79618077296
79295134318
79633433694
79168675340
79636406720
79636255764
79602341335
79683538867
79645089095
79312097188
79645297309
79313178490
79652310287
79646301832
79653511130
79688872271
79169663559
79690758778
79633497544
79992005904
79296760054
79645116544
79296353492
79654323803
79651298488
79688242274
79653343058
79990039073
79296091232
79686697724
79777123482
79643220116
79296098134
79779341924
79299899122
79602862383
79313627798
79602855362
79637680440
79653328109
79296584699
79652818255
79313649066
79778917177
79689665246
79313138638
79651678600
79295509932
79651570796
79269596244
79650486170
79637123613
79654087738
79643705395
79312323725
79312630887
79637177555
79990038322
79312021918
79653950136
79169076634
79602395971
79299599184
79269782708
79653978600
79661403156
79312577342
79299270096
79633207248
79295051461
79633232124
79618068718
79651454114
79602754040
79686474544
79313053829
79660844495
79652751231
79992496109
79312319660
79685990782
79777205295
79269688538
79661252295
79602461120
79653979077
79629230575
79647678832
79167309048
79602694839
79647234243
79299921595
79295629005
79650851741
79778310536
79636396878
79661113236
79643430613
79670750045
79647951601
79671034647
79299723327
79629157480
79319760719
79778640630
79652748091
79636890045
79167565652
79296074088
79636369409
79647953985
79167779473
79313505060
79295057790
79671207629
79602641532
79632445039
79661382848
79626846939
79313873938
79684392278
79629089408
79602325312
79313066950
79310052208
79675362205
79687868816
79296641894
79652243572
79312383025
79647947555
79295255763
79653162360
79651886130
79296524053
79581828391
79313717526
79653833148
79671055438
79291046564
79652124609
79652565777
79689363279
79643969688
79295785039
79602365536
79636705870
79645765507
79295809414
79778823154
79686341242
79670454245
79671758100
79686506981
79778162979
79657901340
79296478869
79629296685
79650783678
79859054012
79312117080
79626925999
79312011118
79167390259
79312533066
79312057724
79685267155
79776768490
79602338823
79663278992
79647197419
79652286115
79650361747
79295299694
79654241939
79637705799
79680699343
79779811602
79637709315
79639704228
79660166791
79312444323
79663014602
79623656164
79312907088
79652055320
79296011179
79689503671
79650400900
79670675796
79629773892
79627250949
79645054504
79602366603
79690875301
79626944102
79651531351
79295975197
79296330374
79959057925
79295513090
79671944884
79645895555
79657784387
79671347285
79629472892
79672189251
79319756908
